500,200,30,2.25
51.97069370416606,-0.24565214697397342,0.2446346100816619,2.363910061728684,-2.1479642658200433,-1.0586603277622813,-5.306556829588307,-1.6581872024997577,-0.9096079425174888,5.88808466927644,-0.9447863500001112,-0.14865168511990748,2.8917023073512866,0.5681015664840042,-3.778152622539613,-2.4583994810699727,-4.2551504268103875,3.7810985740692953,1.498152165685333,3.1992783215858833,6.909936299252714,3.2163760566822686,2.461483218278813,2.0958334201129643,1.6090402125526304,0.7672060316309495,-0.24295111911156936,-0.10389930243332196,-5.915353428011293,-1.3291724935256284
-0.24565214697397342,55.50425264499453,-1.7344960144971235,-2.353334741001284,0.0948667776633975,-2.53517011402744,-3.1119948096121757,-1.2768295269378929,-4.444709091999736,1.3044563194423429,1.0297103256667661,-2.4472053409523324,0.6229274365328621,2.981572705635025,3.8238786678364014,1.9532066531494523,6.211751965967208,-4.206100959433873,-3.0967391758103893,3.7116623838053284,-2.823230392027117,-3.9910880322430082,3.1035616647079345,-1.413593319273583,3.6003945241834994,-3.6070724526562734,1.4642232261763308,-6.826354092476499,-3.290431971210398,-5.282123710765385
0.2446346100816619,-1.7344960144971235,52.62895429836731,3.3012240755580837,-0.4141187353117093,-0.7857049322283641,3.9666306918762575,0.6825019277378956,0.5463854685708149,-0.1037393615458493,-0.08068145599944691,-4.547406533631861,-1.8547396274000594,3.392795579554524,1.7885401009080908,5.49806223249747,-1.93471547222477,1.4764007758368491,2.2629168398852078,0.2214816797920615,-2.0388266910437176,-0.5080390936890207,-3.3148028060982644,0.6642289624272409,2.6694296519507583,-1.1117260555766688,-4.948481456252109,3.3196780735664912,1.0799825512491896,0.937743828682074
2.363910061728684,-2.353334741001284,3.3012240755580837,50.30057412414851,-4.9444391051911865,0.9341574689119195,1.4605776852254717,2.646126418119534,2.335787658056086,4.527644739919128,0.765681005796783,2.4251937216833865,0.3943339301235811,0.2990036598126392,0.5505969608389861,-2.2114151307091516,2.3924668383808845,0.4113776916345426,-0.49958957091289097,-5.242262621897009,-5.309433829055777,2.9890703945112067,-2.262636113780236,-0.5096000861885016,-4.244747445817521,1.099291287653705,-3.0342454769189957,0.9795821717442607,-0.35313369114672316,-0.0637320389020229
-2.1479642658200433,0.0948667776633975,-0.4141187353117093,-4.9444391051911865,51.627953036163085,-2.751837500520417,4.661310989946026,3.8060331296481777,-0.09886465234397927,-2.361750633904753,-1.8090927269941446,0.6933265094667422,1.4891549033419713,-4.669415229043775,1.9814823310738965,2.9545599797915565,3.0824072798055395,2.011145587175777,5.549114298191446,6.469551868535331,1.7849604524969909,-0.497318718909281,-3.6551648489283273,-2.9693774350738296,-3.8702596470436137,4.245001905783191,-4.992340763349615,0.5202222906679318,0.2478346239688509,-0.17238367048875972
-1.0586603277622813,-2.53517011402744,-0.7857049322283641,0.9341574689119195,-2.751837500520417,54.511567805078286,2.381638395321075,0.9335698597722936,-4.5931720936774445,3.3228493461511515,0.15088674170567007,2.7115579600789035,-1.9030498830473919,0.5444754278383027,-2.16064292345432,-0.6161831433139552,-0.29059004882670875,1.5226337307523872,0.25648392988142993,5.060338825247801,3.941436270639591,-1.911497448489898,-3.7659984306831977,-0.43026197662976845,3.1992915721152873,1.671025330506035,-5.7360062362207005,0.6319823721426798,8.485490151050813,5.238551364579966
-5.306556829588307,-3.1119948096121757,3.9666306918762575,1.4605776852254717,4.661310989946026,2.381638395321075,53.15965284601831,1.1545437308433466,5.558602406851205,3.038650676704208,-3.0146378284031585,3.339879934098792,-7.8013012349209045,0.30707833809463586,1.614932759403237,3.759234523506018,-0.6685738702160613,0.8279472758972205,5.004488213068975,-0.7440503306675623,-1.083652917344863,0.2259864794393484,-0.08247838577953448,0.546382595416217,1.2278908031173499,1.4133407818667423,0.5620346096099216,1.7987775399448716,4.077811296039486,-5.033148999856181
-1.6581872024997577,-1.2768295269378929,0.6825019277378956,2.646126418119534,3.8060331296481777,0.9335698597722936,1.1545437308433466,48.989216750005646,0.06950123479825002,-2.8749376437247793,-1.2953076770074943,-3.743407035241755,-2.3330020687249067,2.687092570184101,2.226904088166515,-0.5744176059876805,0.3405629843634132,-2.933595675347434,-2.5757467618043632,-1.0757170279772748,-1.1672222277785573,-1.942416508972371,-4.525627247682781,-4.458359248309773,0.7535940913436523,0.9230639967365264,0.9125293598012518,-3.655850213962285,-3.6605580083160936,0.08718980235410197
-0.9096079425174888,-4.444709091999736,0.5463854685708149,2.335787658056086,-0.09886465234397927,-4.5931720936774445,5.558602406851205,0.06950123479825002,52.55092355283056,4.165758969581412,-5.1669707514341185,2.6415126060669243,-3.1996106577935657,-2.223234318606188,-0.18259687902632893,3.138182362213963,-2.0215641587927737,-4.121984355721686,4.392172086597644,-7.685248710986853,0.25988389860015476,2.188296422542028,1.2515194277660193,1.4713310676464328,5.36431867817919,6.148650016148989,-2.175088810688107,2.714445820763713,-1.60404204511867,7.102124634391799
5.88808466927644,1.3044563194423429,-0.1037393615458493,4.527644739919128,-2.361750633904753,3.3228493461511515,3.038650676704208,-2.8749376437247793,4.165758969581412,51.85990272170641,1.004990875810289,0.7312470249760702,2.4735539771320756,-0.8017846808247115,-0.7932824635996331,-2.9176115120124426,0.5138179866246462,3.1246932619973036,-0.04706654253525659,-0.33795109450376876,4.7325228058508575,0.6532247426986324,-1.4769130417515843,-0.8654170374247168,3.4818420105114836,5.293923357601152,-6.698938568233551,0.5946015089717365,2.6450034772315765,6.115023398225296
-0.9447863500001112,1.0297103256667661,-0.08068145599944691,0.765681005796783,-1.8090927269941446,0.15088674170567007,-3.0146378284031585,-1.2953076770074943,-5.1669707514341185,1.004990875810289,48.82434396343453,2.9692865832445587,-3.565585838731662,-2.9583575038561194,-1.5599929421270466,-3.3494960690961775,-0.04836600660807884,3.989929993450546,-0.4222962974846639,0.8301085241409919,1.7275498217207148,-3.229416649767126,-0.5146349154323736,-1.6276863771219574,-2.8036314786774494,-0.10120415860914517,1.750811301961365,-2.703979534993915,-3.4618918672345673,0.028424806744067554
-0.14865168511990748,-2.4472053409523324,-4.547406533631861,2.4251937216833865,0.6933265094667422,2.7115579600789035,3.339879934098792,-3.743407035241755,2.6415126060669243,0.7312470249760702,2.9692865832445587,50.8737775382,-2.0441956248358206,-1.6197152811244335,0.10936654219254154,2.0220601416117985,1.1044775988705153,1.8849988168018443,-4.264974701996458,3.1922587484675717,0.5275427713614873,0.24833746496460155,-2.4343750521763523,4.25935937036761,-6.007975504028376,-2.4266392931519634,3.4020232297474795,-3.591804231458641,-5.072222651264314,-1.8548473727713983
2.8917023073512866,0.6229274365328621,-1.8547396274000594,0.3943339301235811,1.4891549033419713,-1.9030498830473919,-7.8013012349209045,-2.3330020687249067,-3.1996106577935657,2.4735539771320756,-3.565585838731662,-2.0441956248358206,54.51778128713283,-0.9502040292903308,-1.9639716928483875,-2.6474237069355273,-0.14483798844296328,1.050266857082047,3.0330889838493014,4.856575822488935,8.190593554003419,-0.5534277828999963,3.1944998050138715,1.4257609306098955,-3.0926068343380946,-4.223753456281624,-0.6953590939170252,0.07113556660762399,1.1734616733062704,0.8313623448264302
0.5681015664840042,2.981572705635025,3.392795579554524,0.2990036598126392,-4.669415229043775,0.5444754278383027,0.30707833809463586,2.687092570184101,-2.223234318606188,-0.8017846808247115,-2.9583575038561194,-1.6197152811244335,-0.9502040292903308,49.39875855039487,-0.5270636081807958,0.022973555208194867,0.5546101639992518,2.139423826677124,-4.105476657795375,-0.9346266919389253,-4.735110071415907,0.3508573191732761,-2.950232587316583,-0.15607219186695892,-1.6502120583465094,-2.1885300779408934,1.8420938548268333,-2.230761200778762,2.281964933304431,1.4037783164143192
-3.778152622539613,3.8238786678364014,1.7885401009080908,0.5505969608389861,1.9814823310738965,-2.16064292345432,1.614932759403237,2.226904088166515,-0.18259687902632893,-0.7932824635996331,-1.5599929421270466,0.10936654219254154,-1.9639716928483875,-0.5270636081807958,54.95539560104586,-0.5896637429054783,1.8605906735446822,-2.6057715927199467,4.810226091297102,0.8330146766820468,1.3316235446147104,0.19462775286517203,0.7167268754551273,8.084893551996073,0.6013341612308241,-1.1547228038387984,-1.125261618073866,-2.285225048683993,3.187704380210949,-0.9470783290488584
-2.4583994810699727,1.9532066531494523,5.49806223249747,-2.2114151307091516,2.9545599797915565,-0.6161831433139552,3.759234523506018,-0.5744176059876805,3.138182362213963,-2.9176115120124426,-3.3494960690961775,2.0220601416117985,-2.6474237069355273,0.022973555208194867,-0.5896637429054783,51.93423143002362,3.8848593144845784,0.8025369273967115,-2.605560775889544,1.2013994801240184,-1.9253211152881327,3.1910034186094864,-2.4471603491622873,0.8874737007057563,-1.2144184757644196,1.2456556125692608,2.5939682162852873,-1.4081993433545266,4.302125536713287,0.3024979521434921
-4.2551504268103875,6.211751965967208,-1.93471547222477,2.3924668383808845,3.0824072798055395,-0.29059004882670875,-0.6685738702160613,0.3405629843634132,-2.0215641587927737,0.5138179866246462,-0.04836600660807884,1.1044775988705153,-0.14483798844296328,0.5546101639992518,1.8605906735446822,3.8848593144845784,48.20371573903598,3.0256644412805254,-2.600105788047873,-0.41587363926398,0.5110635202262815,-3.537469794583528,5.090720874642496,-2.0409395279862856,-0.8634192241468386,-3.0108678854157493,-1.018842394906378,-2.327607734789343,-2.032239927915549,1.6796881121029448
3.7810985740692953,-4.206100959433873,1.4764007758368491,0.4113776916345426,2.011145587175777,1.5226337307523872,0.8279472758972205,-2.933595675347434,-4.121984355721686,3.1246932619973036,3.989929993450546,1.8849988168018443,1.050266857082047,2.139423826677124,-2.6057715927199467,0.8025369273967115,3.0256644412805254,51.36785214834593,-2.973422614885733,1.2980098159696114,6.092646765657188,-0.6145247781574029,-0.507336568991527,1.7305666015301355,1.096504680486185,4.052042377282665,-0.43187366364144764,-0.18174997937747212,2.3362270335391018,2.9073331060441956
1.498152165685333,-3.0967391758103893,2.2629168398852078,-0.49958957091289097,5.549114298191446,0.25648392988142993,5.004488213068975,-2.5757467618043632,4.392172086597644,-0.04706654253525659,-0.4222962974846639,-4.264974701996458,3.0330889838493014,-4.105476657795375,4.810226091297102,-2.605560775889544,-2.600105788047873,-2.973422614885733,52.67813586289587,-4.920500523130869,3.532641585996669,0.08810755029442593,2.9705302782708873,3.6142554085506764,-1.9651200917352083,1.2685869698306669,-1.5250411594333722,0.0842772306609633,4.167292150874606,-0.674317288554462
3.1992783215858833,3.7116623838053284,0.2214816797920615,-5.242262621897009,6.469551868535331,5.060338825247801,-0.7440503306675623,-1.0757170279772748,-7.685248710986853,-0.33795109450376876,0.8301085241409919,3.1922587484675717,4.856575822488935,-0.9346266919389253,0.8330146766820468,1.2013994801240184,-0.41587363926398,1.2980098159696114,-4.920500523130869,55.19552792811813,3.783166332408904,0.7238885459355785,-2.8847881391140677,6.164120629595863,1.2817262270847647,-5.690192331815999,-4.810321771295435,-0.5186045687023048,5.434067071360355,-2.481530423765834
6.909936299252714,-2.823230392027117,-2.0388266910437176,-5.309433829055777,1.7849604524969909,3.941436270639591,-1.083652917344863,-1.1672222277785573,0.25988389860015476,4.7325228058508575,1.7275498217207148,0.5275427713614873,8.190593554003419,-4.735110071415907,1.3316235446147104,-1.9253211152881327,0.5110635202262815,6.092646765657188,3.532641585996669,3.783166332408904,49.860760336008326,-0.3168416550117223,4.182829873432381,-0.021422419405838035,0.1813953218075991,3.1843447600473875,0.08871801225268175,1.0349768454385044,3.441567895854421,2.4434678757435293
3.2163760566822686,-3.9910880322430082,-0.5080390936890207,2.9890703945112067,-0.497318718909281,-1.911497448489898,0.2259864794393484,-1.942416508972371,2.188296422542028,0.6532247426986324,-3.229416649767126,0.24833746496460155,-0.5534277828999963,0.3508573191732761,0.19462775286517203,3.1910034186094864,-3.537469794583528,-0.6145247781574029,0.08810755029442593,0.7238885459355785,-0.3168416550117223,50.279459594347486,-4.077269918877102,2.3770649448192835,-1.281358819893821,3.0165021978226254,-3.4229522388112152,-1.9825259839976057,1.459035221689756,-3.4304993864772606
2.461483218278813,3.1035616647079345,-3.3148028060982644,-2.262636113780236,-3.6551648489283273,-3.7659984306831977,-0.08247838577953448,-4.525627247682781,1.2515194277660193,-1.4769130417515843,-0.5146349154323736,-2.4343750521763523,3.1944998050138715,-2.950232587316583,0.7167268754551273,-2.4471603491622873,5.090720874642496,-0.507336568991527,2.9705302782708873,-2.8847881391140677,4.182829873432381,-4.077269918877102,53.63491779499438,-0.06381591210161186,-3.755566768273736,-2.284892388650486,-2.7605074503038964,-0.753426372540273,0.42727946321065424,3.0130474808086354
2.0958334201129643,-1.413593319273583,0.6642289624272409,-0.5096000861885016,-2.9693774350738296,-0.43026197662976845,0.546382595416217,-4.458359248309773,1.4713310676464328,-0.8654170374247168,-1.6276863771219574,4.25935937036761,1.4257609306098955,-0.15607219186695892,8.084893551996073,0.8874737007057563,-2.0409395279862856,1.7305666015301355,3.6142554085506764,6.164120629595863,-0.021422419405838035,2.3770649448192835,-0.06381591210161186,47.9815889195731,0.5654065843968301,2.065988488355505,-1.9910814938357904,0.35991812952291524,7.832838601555622,-0.39776974004827026
1.6090402125526304,3.6003945241834994,2.6694296519507583,-4.244747445817521,-3.8702596470436137,3.1992915721152873,1.2278908031173499,0.7535940913436523,5.36431867817919,3.4818420105114836,-2.8036314786774494,-6.007975504028376,-3.0926068343380946,-1.6502120583465094,0.6013341612308241,-1.2144184757644196,-0.8634192241468386,1.096504680486185,-1.9651200917352083,1.2817262270847647,0.1813953218075991,-1.281358819893821,-3.755566768273736,0.5654065843968301,53.68169204922001,1.900721669686479,1.512797865697284,0.7551199279356446,-3.794723546605294,-0.07128784622849173
0.7672060316309495,-3.6070724526562734,-1.1117260555766688,1.099291287653705,4.245001905783191,1.671025330506035,1.4133407818667423,0.9230639967365264,6.148650016148989,5.293923357601152,-0.10120415860914517,-2.4266392931519634,-4.223753456281624,-2.1885300779408934,-1.1547228038387984,1.2456556125692608,-3.0108678854157493,4.052042377282665,1.2685869698306669,-5.690192331815999,3.1843447600473875,3.0165021978226254,-2.284892388650486,2.065988488355505,1.900721669686479,52.962259255962245,-6.9273717506710835,3.9501706273457424,1.0908967337961848,4.844490088697206
-0.24295111911156936,1.4642232261763308,-4.948481456252109,-3.0342454769189957,-4.992340763349615,-5.7360062362207005,0.5620346096099216,0.9125293598012518,-2.175088810688107,-6.698938568233551,1.750811301961365,3.4020232297474795,-0.6953590939170252,1.8420938548268333,-1.125261618073866,2.5939682162852873,-1.018842394906378,-0.43187366364144764,-1.5250411594333722,-4.810321771295435,0.08871801225268175,-3.4229522388112152,-2.7605074503038964,-1.9910814938357904,1.512797865697284,-6.9273717506710835,52.03028011604791,3.1761244904060915,-1.7112957359803211,-2.9539033157793444
-0.10389930243332196,-6.826354092476499,3.3196780735664912,0.9795821717442607,0.5202222906679318,0.6319823721426798,1.7987775399448716,-3.655850213962285,2.714445820763713,0.5946015089717365,-2.703979534993915,-3.591804231458641,0.07113556660762399,-2.230761200778762,-2.285225048683993,-1.4081993433545266,-2.327607734789343,-0.18174997937747212,0.0842772306609633,-0.5186045687023048,1.0349768454385044,-1.9825259839976057,-0.753426372540273,0.35991812952291524,0.7551199279356446,3.9501706273457424,3.1761244904060915,48.32926804281118,1.1909240266157386,-1.84747736766669
-5.915353428011293,-3.290431971210398,1.0799825512491896,-0.35313369114672316,0.2478346239688509,8.485490151050813,4.077811296039486,-3.6605580083160936,-1.60404204511867,2.6450034772315765,-3.4618918672345673,-5.072222651264314,1.1734616733062704,2.281964933304431,3.187704380210949,4.302125536713287,-2.032239927915549,2.3362270335391018,4.167292150874606,5.434067071360355,3.441567895854421,1.459035221689756,0.42727946321065424,7.832838601555622,-3.794723546605294,1.0908967337961848,-1.7112957359803211,1.1909240266157386,52.49727193119582,5.313835755202581
-1.3291724935256284,-5.282123710765385,0.937743828682074,-0.0637320389020229,-0.17238367048875972,5.238551364579966,-5.033148999856181,0.08718980235410197,7.102124634391799,6.115023398225296,0.028424806744067554,-1.8548473727713983,0.8313623448264302,1.4037783164143192,-0.9470783290488584,0.3024979521434921,1.6796881121029448,2.9073331060441956,-0.674317288554462,-2.481530423765834,2.4434678757435293,-3.4304993864772606,3.0130474808086354,-0.39776974004827026,-0.07128784622849173,4.844490088697206,-2.9539033157793444,-1.84747736766669,5.313835755202581,47.58386804074156
0.6329662856260817,-0.531937378737563,1.0704437627148715,-0.29124468738870074,-0.1841792793012659,0.19492579933336648,0.14241273450310407,-0.611316834827854,-0.11456128639815563,0.8928137050340883,-0.5291071376346447,-0.34142706424308894,0.8415005898068946,0.8850461701885103,0.4854479655653917,-0.2523484755764028,0.8598115739169514,0.8408662541770768,-1.5127787815120037,-0.5592806123301464,-0.22221481476529178,0.9127900159173745,0.14211158628667753,0.20134651067219528,0.8285810335262415,-0.1809567889076243,0.4299023212148069,-0.2670508554350802,-0.04488914923122514,-0.5070089377599759,-1.0119578120918984,-0.07867713711876236,0.3161600405888788,0.39502004475385427,-0.5018150640852448,-0.17754954347514645,1.584898701787907,-0.8330490942445931,1.6491707106277738,0.4260528460211402,-0.7741912774798323,-2.4842510045457313,-0.6413466860220953,1.1736277854358437,-0.04056141942642988,0.6774399866178238,0.05527410885075156,1.0836927909696807,0.5472312969971499,-0.9045854831140597,-0.35500318490079,0.20221241056432088,-0.16248173083320847,-0.036400988766760164,-0.137632088943998,1.1537735517952676,0.45085682037511216,-2.0072474598528594,1.1402048810289578,1.5846964289666445,0.24841635176768795,-1.5431707859064547,-0.7648960099298323,1.1506495052596344,0.16723317563924223,0.46236062923912136,-1.3007827842429336,0.14867290228430693,-0.017935194677843196,0.8642715504403212,-0.7551262438478038,0.6375285439806622,0.18474127032939622,-0.8539528043400749,0.99672394366062,-0.5648143875907572,-2.3592133706987695,-0.15623600575058139,0.15799180747521857,1.1179455019376001,0.47859220661823115,0.9118191434602143,0.9081813043132662,-0.22187879031406255,0.7558529669009856,2.1645452933926768,0.9086135907270876,1.5613571207875214,-0.2856783791565545,0.6403449594121318,0.27209145011053354,1.3839511196567604,-0.8877250236948905,-1.5858818414208333,-0.9301222200309427,0.9928286669111503,-0.18915752770271832,1.7898359524122722,0.8863231221820215,0.7155556753586547,-0.10374476565488104,-0.49294656840137097,0.33979069350538127,-1.0627994942777115,-1.346806189833244,0.2556878909442283,0.7827180568392813,1.530426759692009,-0.19088382597663703,-1.0465663534635035,1.829809424186539,-0.5701293092476655,-0.28711060732504723,-0.6020468380978041,0.6416974577523885,0.29219846575187575,-0.2450066128968299,-0.11049905950418742,-0.1337292133841904,0.5838784963839344,0.744556970642635,-1.2088813238682212,-1.163721034298815,-0.15760830902652356,-0.5588773070478449,-0.24381788024128095,-1.3257762447370305,0.19465326326865506,0.5696729351529349,-0.5222510982288341,0.7346469044466121,0.02111750500961982,-1.6390676381335425,0.8927898926008352,1.1715144333297332,0.39594044531575834,0.2616408614052881,-1.1501611483662126,-0.38351076845980603,0.1444194731780923,0.8278473864538614,1.0667996020329547,-1.1914972354796975,0.46245588779684665,1.4127298842223541,-0.9606675578341508,-1.6002204876717652,-0.3997762938856553,-0.9723194144101006,0.84909170086439,0.10753863508620637,0.40467685638649636,0.8336860402306902,-0.8129886806982133,0.42997092033669515,-0.7917465981184827,-1.2695583323962214,0.45985567147926387,0.9771576549661684,-1.7238208418976948,-2.317399729332302,-0.3955907473088723,-1.0104923551606315,-0.8881984635227184,1.211085213512166,1.001989611637888,1.5505035131094367,-0.3616518323792285,-0.6612723455765321,-0.9892951069180717,-0.3314840926769022,1.77116805757989,-0.142472057853654,-0.7674570465532728,0.9392408355273596,0.1914832287731777,2.070185138658541,1.2481406678009968,1.7238506861000031,1.5197573903413557,0.6604774716063004,2.545292679898621,-0.014943219579182689,-0.8416236142068556,-0.16030540385902908,-0.4977137594654545,-0.2527364004470652,1.2102379146835152,-0.626159003154867,-1.241239110560522,0.9832787051041915,-0.7274919919953713,-0.11107722452732699,-1.349777426690867,0.7632077942768182,-1.8275670696513493,-1.9123950052034109,-0.07373802565531043,0.8687376595289559,-0.4588155328915953,0.11803269522362303,0.1610660198653559,0.0964671380719064,0.09091415109147985,0.11249569892417613,0.10385381467525567,0.11144899160703008,0.1453472016406289,0.07976055785591275,0.09288182573592985,0.176594759857357,0.10836914688217135,0.12278861197989868,0.14243440945622535,0.13465398283426153,0.0721508678088449,0.130839048221932,0.12182614119121365,0.05540679566369533,0.09914149598496107,0.11474231319515944,0.10993993519191314,0.10632450070118453,0.11679846745406776,0.12898907143440236,0.09624027487589283,0.09797456206473495,0.09020708877313341,0.18135249381786112,0.10656592802371659,0.051320390412241255,0.09624376976432202,3.829211068829102e-08,1.40729107134056e-08,0.01910308196368966,1.7860373834515288e-08,0.018517331703115963,0.10095263341266882,1.0404951779988342e-07,9.952549403726014e-09,0.16851859435538868,0.036413078745283024,0.049342223243931026,0.06979576448166197,0.039391767877670555,5.739393150378595e-09,0.04892371864695447,0.013854723701834213,4.07361188564712e-09,7.2441240229364164e-09,1.986904637357365e-05,0.03122880892886392,0.010273493171887001,0.0018394552267416064,0.06621889995801214,1.0079342106580907e-06,1.0748188013020521e-07,0.008595852575709986,0.16927756665534596,0.00016765942862123975,0.042407853009188076,0.07684360172861529,0.08519222407937442,0.0435861000011524,0.0,0.08806171980160198,0.0,0.042278777953440816,0.0,0.0,0.10741411589348562,0.002784788347535615,0.10305206066850801,0.07811908342373747,0.0,0.0,0.0,0.026705237579560302,0.0,0.0,0.0,0.09456284037262704,0.0,0.11927036576945275,0.0,0.0,0.0,0.01587818337573011,0.0657025196930455,0.0,-0.0693613992548639,-0.10332758527575872,-0.009986862602706197,-0.036469516387732714,-0.17715340416708078,-0.015370310346260149,-0.1409933416653784,-0.12907656394803038,-0.14728573963456937,-0.12115420228933824,-0.10288590899699536,-0.1098245869289882,-0.028377857136376625,-0.06273178834809337,-0.13053538208404264,-0.16187721024688048,-0.1886398323945513,-0.0782992750366879,-0.18329075516173518,-0.15148692923587037,-0.125227477611535,-0.029599152823315822,-0.16326914548131405,-0.0016193554514334122,-0.15628843690328573,-0.1388634839600703,-0.16759612180552685,-0.09155359355933046,-0.0954115565551881,-0.1564823719825267
-0.7057904281301829,0.9904461171889488,1.3850030428280373,0.0833293929122498,0.8126327036154287,-0.28964361292431307,0.7247960047142636,0.8999770826331648,-0.5856657178089747,-0.8527852780274765,0.7100902851564448,2.6256149555350063,0.05464220749979439,-1.6504301208494567,-0.9072275674843945,-0.6712153280809364,1.5515420979620744,0.7359507010223867,0.3653317539275067,-0.1366572003572144,-2.678993266820727,-1.4875275985302243,0.964055387281564,-0.07111221912331481,0.08201301975548567,1.6757396639922317,-0.502903661785064,0.7220881388725249,0.6294752231586365,-0.6749225013489407,2.378092104719614,-0.2510653145776656,0.8064014362472056,0.2528746872923871,0.10027959202162862,0.10442383136149543,0.9036312390935718,-1.4678625577351374,0.2944568168097514,0.0719464949815418,0.3809793385216681,-1.0704939601377497,-0.7371574705302163,1.1355043853271825,-1.5553940155303807,-0.12295620181441397,0.2787913530487079,-1.1675941485993375,-0.4632627505180721,-1.194087224756532,-0.6809561540964338,-1.6403315293869596,-0.2596697279220133,0.38581716358469115,1.2516935928538,0.13949159685593251,-0.041098172946445154,0.13711787634297234,-0.5053432187516649,-0.2023824357273227,0.9503296458859888,-0.20316926820233797,-1.1792065637462563,0.3307369670027713,-1.1790937694307384,0.5837243191097953,-1.7071206757694932,-0.5770608007230484,0.47862902483107145,1.0177633283927046,0.852168234742668,0.911776359116721,1.0197507438094657,1.3641155583941393,-1.536432372562356,-1.278742257318304,0.42491139447387083,-0.2640488549416658,1.6856915212321122,0.6407367582668851,0.45089203296136937,0.867992983764504,-0.31622622841064657,1.1701961063034398,-0.33208601010105715,0.9928726365164084,-1.5184148463401306,1.6074377708758716,-1.0409469273274203,1.0901088268135801,2.283269047178562,0.2358637397217072,2.4708583429970457,-1.1323640641664525,-0.3007804545736601,-0.2744964149658351,0.344527930099797,-1.1404590556148038,-0.7730321259578453,0.14173042724674453,0.02413767636993433,-0.7444283452810325,0.8773898637141132,0.22766944752395335,-1.4210207123006813,1.1680939800914778,-0.7326174107714643,0.5027308898468132,-0.44825611309040514,0.8819245839107408,-0.5189406196204178,-0.5843258666879261,1.458537385511946,0.3028192879094003,-0.7408128249217307,-0.07336198642243763,-1.718808459716755,0.8238106242973272,1.2412623001245755,-0.4890138429941501,0.05974378197363911,-1.6035197231878149,-0.18849037328665735,1.1666173421375785,-0.5241875627218485,-0.06864797279370025,-0.5784044719262933,-0.09154913769585918,0.8842086953715543,1.8375685328542264,0.4836467160339734,1.1664860742033634,0.8387667438717128,-1.366327700832389,-1.6075478947359885,-1.3556863185713481,0.9641806198138984,0.6958321984695052,0.0008990556339217221,-0.7503955924132975,0.22057388225445634,-0.9979490992153909,-0.39954567655859874,1.5119327752254867,0.681533440794385,-1.8539132224306456,0.22747892767156938,0.6254053134068652,-0.8622150517358302,0.6574420086623235,0.27455329018554037,-1.0290644111590412,-0.794438319072647,2.206918071313205,-0.5673686244165228,0.34917995369558097,0.9108094436766078,0.6468649962065727,0.41817864069419936,-1.552092408601514,0.970936623550123,1.4450860186735983,-0.5500042668850801,0.7014032160757714,-0.1832823876919542,-0.5075666917343401,-0.36865607183252347,-0.7585204689657167,0.762692212363266,1.5093246423400866,1.130287741756944,1.433889816416696,0.08258646561293458,0.9258453357709171,-0.599119541957369,0.4175760350872,0.23049009428894415,-0.4528242906530483,0.7533895018695003,1.4044003947947052,-0.25113465184153855,0.053845539092714494,0.4919902339692357,0.9918849164011215,-0.030094576251054023,-0.24702919507570326,-0.6631640413383662,-0.7240985477612687,-1.2091849205102303,-0.5129925578380031,-0.17203566960719469,-0.41383789105198865,0.08021924507440771,-1.6494210200360824,-0.13073782195966394,-2.0647989744874824,0.03603093986956278,0.6741480714084627,-0.48913228143008913,-1.454328984104658,0.1173588047990247,0.11511763742443147,0.11415244519271245,0.1035706802118969,0.08596905805204653,0.116704439061281,0.09002682236819518,0.1010578299028351,0.11667486144734573,0.07560798318801189,0.07771869751369273,0.10621391842613831,0.1648741193967253,0.0828252612342788,0.12247782261735923,0.10010080442979968,0.15796123360299588,0.08352048905808206,0.06614787548897118,0.0968366038109553,0.09436477872949874,0.1092327529880266,0.1584984919254776,0.08292045646669294,0.08974332718776082,0.0725039902816527,0.09773052099464927,0.09384949671535456,0.050862051898775774,0.13114961878278214,0.052418341890457104,0.03792761718944443,0.06207902224413986,0.00321666436527881,8.506364321863368e-09,0.06553882352302531,0.009348818550910106,0.035284830070829276,0.0527484742205763,1.229906237905702e-09,1.4111782843856326e-08,0.037873618516426,0.1450160036944834,2.80524432164345e-09,0.05718400174447112,0.0004980654211919984,0.13686787019090038,2.323523937218297e-09,1.0429052178514785e-09,3.0633898977873225e-05,1.7175567203925682e-09,0.06238957265644271,0.1184132354725414,2.133954490376195e-09,2.325396267284952e-07,2.4385736412505336e-09,0.03805012182927545,0.015240419385624177,7.70128794644028e-10,0.06987359551537407,0.08368501901952527,0.0,0.03668055383493596,0.05732375494732889,0.0,0.0689753814665724,0.0,0.0,0.10749913829933028,0.0,0.0,0.020615562876155093,0.10694264664474591,0.11834384886516715,0.0,0.0246497052773987,0.11428568052260904,0.0,0.0,0.0,0.0,4.8736079339337145e-05,0.0,0.0671942971762871,0.0,0.0,0.0,0.09133672025499294,0.0,0.05259275728858593,-0.03440877527218648,-0.1564313602048807,-0.06307858716985607,-0.026165762973999317,-0.1318867834973949,-0.050193526819150784,-0.12652875216170031,-0.15127001673454152,-0.009693952626497089,-0.13496598594854148,-0.15516308144182467,-0.08456654669118746,-0.05725672728278412,0.027942823901492785,-0.14758423224637612,-0.06857917244434333,-0.06150397989469946,-0.16036240799818036,-0.1419592407263587,-0.15073201184029386,-0.1685640664452414,-0.11572195733328018,-0.17530675669557458,-0.01308982748514739,-0.14287267292552722,-0.09020557382335909,-0.16479689998136046,-0.010720282650965843,-0.10009278297117813,-0.056579437700800234
0.03213075045227282,1.0141444570639724,-0.9056690072847603,0.19029469806283877,-0.48923477218593414,0.579796230198918,-0.3188754559497963,1.8187308283053143,-0.4754124580982786,-0.2773159381373781,-0.7009348422757997,-1.000387355942917,2.5184974170572048,0.5845160756744748,0.5767055165002971,-0.8281133828038236,0.34772882675813527,0.9767162156725006,1.3988945082285535,0.5316596114878078,0.6512236721374516,-2.093088789135681,-1.9328845054058394,-0.2022590569973992,-1.9207991875781525,0.03545057609493168,0.1267931728485327,-1.069788396340765,0.44699788548889674,-1.3077309433776119,-1.1740683657181874,-1.161974107345776,-0.17955175858189693,-0.46816605808857353,-2.483214506307101,0.6674998753117909,0.5729657050185861,0.09759514569326116,-1.1715306920386153,-0.7860522648106838,0.1021234063716037,1.5983246014468606,0.4685274879193709,0.7476128522849789,-0.501341835663864,0.5077843561752284,-0.8748342223909478,0.6528847847655022,0.32227575891741633,2.0018473917636292,0.6186639586980748,0.10253803127678689,0.1601547026659031,-0.08247450155056409,0.1701769564280855,0.07839040793086036,0.29638886202075604,-0.7107041376821897,0.8497713862044208,-0.6565226550742032,-0.4693976660640534,0.2801930138757993,1.8633697368787134,-1.1167256071268916,-0.8479351965349207,0.23846995061048276,-0.49636778252549596,0.6689351844281475,-0.6452449172491832,-0.44228547774644944,1.734895174977153,-0.018712632628133895,-0.09815563613652663,2.3945659142616287,0.41857727599983385,-2.08259825238574,0.29435127457583665,-0.19688319312131036,-0.004254774496041394,-0.11319121947940793,0.6302507568166167,-0.4258433207720133,-0.03243314993309573,-0.19063365710663002,0.2830480684563773,-0.5079037601363725,1.233186053826642,-0.10396403938241949,1.3253724346470863,-1.1174431259100004,0.30465012522651813,0.24146000947506954,-0.02621401023368503,0.460748271819221,1.3988975175123162,0.16893265841389826,-0.6783577025017322,1.3470990515407888,-0.061632345652532027,-2.2248800734337393,-0.10757772348543011,0.6171363707278382,0.1674803092109579,0.11006919672146233,0.727741211132701,0.1130147694249154,-1.0802633692498451,0.6622082756580345,0.6015920205768753,0.5490332585729661,-1.9029999255148364,-0.29042741806663824,0.23730985016055797,-1.7573337529042605,0.3228270518373056,1.1239518035402245,-0.12331376110231734,0.29509462645109386,0.26047668742471236,0.02347763164267598,-0.8883788611981922,0.7651065216105513,-0.08412019868249271,0.09063794339825584,-0.8876991842188017,-0.2162599569498131,0.9333237900279066,-0.04510766629661885,-0.43728000007493256,-0.15889857153518944,1.1167905368711457,-1.5508212817733968,-0.301396710866975,2.177190490013917,0.5788019524987902,0.3368915883400989,-1.1841420504727584,0.02282938580947392,-1.969635322111821,-1.07696930574191,-0.7925354284002322,0.07710964744952685,3.017350890787289,0.5178726211151181,-1.1920356739045892,1.1496428057121124,-1.0731332142387104,-0.20251165706030225,0.6033513007398414,1.266896096192292,-0.20928047742289174,0.7279519452971073,0.29666928105471635,1.0693740662650202,-1.2629636337104284,-0.8826918997578912,0.11652472246089886,-0.7373927252384601,0.5334856978238872,-0.9229735743696383,0.05448223203469766,-0.4043781936246382,-1.9705122772890902,-0.9051791822412366,-1.2195067532501624,0.2542832563858982,0.43824333618907735,0.06707992920269336,1.8211414510158386,0.23864789961664748,-0.21868132130156068,0.4640998235370125,0.9616014147333916,-0.2758621059685387,1.778236182517985,-0.5661917481221881,-0.3692424236103728,0.05289269896534842,1.5423846677678195,-0.810051619405522,2.7168263749477566,-1.1719724288384104,-1.3543820587377862,-0.9460521734350256,-0.07346576513610606,0.08198603763250321,-0.14396577240339084,-0.28891822781406823,-0.6012378229987836,-0.15890820686574086,1.2543008378012528,-0.5546832662684252,1.0635478304366763,-2.014262934683482,-0.3346632936625179,0.42619430871702446,-0.032619178609803574,-0.4044302683847589,0.8304310636761518,1.1002828721115723,0.11680231797506277,0.1344512517211123,0.14918195237100296,0.09495667178841044,0.041610263369681155,0.08832513702355299,0.04339074564462712,0.06668362791524328,0.11916645185204655,0.10551941551329953,0.1029294120618536,0.09710830466117104,0.11685108577784359,0.11943635174773667,0.10221278535384733,0.10180327345677861,0.14136879764580487,0.06506004618104547,0.14408075720787492,0.11006492046078904,0.11476308002450752,0.1048370603853011,0.08613233729350128,0.09239611993503141,0.12764133318968526,0.10491633263589764,0.07755526461258454,0.0988372675095254,0.08109662026946815,0.0529446376040328,0.045003833555386195,0.08914022296418647,0.1322370645864632,1.1404250140043093e-06,3.0370933627908246e-09,3.1105340206016436e-07,3.2018619095984104e-09,9.509890719479296e-09,0.057558909675663815,1.7979862348734411e-06,0.03444389495781313,0.03192335225213662,0.04978495604219181,0.06991852545097318,9.271623029073197e-07,1.2094225156376653e-06,0.13608699541310018,5.351165636746214e-09,0.1288223410987572,0.036329286082736015,0.03289313304712819,0.03564775743543898,4.9795660324864944e-08,6.477216050428765e-08,0.07291591215002596,0.030580739519153424,1.1866434263697116e-07,0.01670738273063127,4.8474612702833275e-08,4.181398525276495e-09,0.0,0.0470152814531712,0.0555809794887695,0.12935023588687,0.0,0.0,0.0,0.07641911041213474,0.07200446700149638,1.5645378538906712e-06,0.0,0.0,0.06996203838415364,0.07548295977087409,0.019737146957871172,0.08405147705809461,0.051867683383799414,0.0,0.0,0.0,0.0,0.02010880671909328,0.0,0.13342648704791227,0.0,0.054549534261797844,0.08795547427783965,0.006254808890953325,0.0,0.0,-0.15108404228375694,-0.08375491604691812,-0.07029033914069963,0.057494009558693576,-0.10409721555221906,-0.15147820399283599,-0.16288647009444737,0.014630942976794629,-0.026956646732805813,-0.10228743902677322,-0.19379694325438215,-0.15780707135159283,-0.05059826486932549,-0.026486625571693158,-0.04862925591076209,0.014315136783537519,-0.08127073608487309,-0.15183055866866996,-0.15272973559087524,-0.1785393100317418,-0.1628577096691287,-0.07234701557141059,-0.17753215530856156,0.04954174482413799,-0.17215310694708483,-0.04771327784003302,5.532958705082962e-05,-0.09284342460547707,-0.10688228570300207,-0.1375752264678704
