500,200,50,2.25
49.860760336008326,-0.3168416550117223,4.182829873432381,-0.021422419405838035,0.1813953218075991,3.1843447600473875,0.08871801225268175,1.0349768454385044,3.441567895854421,2.4434678757435293,-0.4996479458344406,-2.8185584144454996,3.2409006567159246,-1.2462139960537684,-1.7669508448109845,1.2982352720684598,6.483054865365216,-4.202909621721816,1.0398402476017097,4.144317349328707,4.167648256067469,-1.6506228231177311,3.257567086328289,-0.7929271948845348,-2.0082985143658694,-0.5389969226526472,2.2154325550401786,-0.9478478583807391,-1.1532682305144577,-1.9874974880920202,4.2716811081194415,-3.054028534067347,2.7091441032490273,2.247981887383999,1.8068389269942176,-7.416436556209029,1.0198210924916686,2.3106115379049563,1.9058034204840322,-2.6484410706304367,0.49067731501481354,3.441889972603504,-1.099766751800842,-0.25976720174681234,0.9819240330181934,-1.527130172554205,2.763188952621049,-0.5678048424086638,0.5563690469238844,-1.6655943952815602
-0.3168416550117223,50.279459594347486,-4.077269918877102,2.3770649448192835,-1.281358819893821,3.0165021978226254,-3.4229522388112152,-1.9825259839976057,1.459035221689756,-3.4304993864772606,-2.7509294444210277,2.533507181097833,-0.3652358078580086,-1.1792377360353172,6.593031441879848,4.850883131928345,-2.825988686401493,-3.080806848506208,-0.19494491564090988,1.2591357384859598,7.370114589103805,0.6918510412462614,2.0181570636022346,3.259727632180321,-6.533577325075219,-0.6079509657272374,4.58094178693678,1.5357218096617147,5.976847247592702,1.652390473839094,-5.216426055407039,-1.3120830142060855,0.8479414937902048,2.009312788038085,-3.964038928770251,-3.2161660408415114,1.1238225700773683,-4.953782993534653,2.4342958550890823,4.755747774929893,-2.713652449666359,2.298923853452741,3.8987322395777606,-1.1872790451453972,-1.505715704827025,-3.596778152500225,2.6440073709851077,-0.6686276096899191,3.445508998974431,2.095058156368406
4.182829873432381,-4.077269918877102,53.63491779499438,-0.06381591210161186,-3.755566768273736,-2.284892388650486,-2.7605074503038964,-0.753426372540273,0.42727946321065424,3.0130474808086354,5.615924450416585,2.577803519585441,0.1372665073227294,-0.08105482061818038,0.8156742861560696,-3.1626090535750104,2.6110311372816044,3.2804209384346996,-2.146362092252442,-0.21259551694372159,0.3156602226442429,-0.021138452116046164,-4.615591089488534,1.6785252049638921,-1.4841206428937197,-5.521459291536818,1.5408763826638,1.9952419427242731,-5.430036306061248,4.537734005936653,5.448804726907285,3.5835456287765326,0.8246984736574138,2.393833766003295,1.5696181766303845,-5.2241431550258985,3.7157699406542877,3.826394007114723,-0.1990941707141527,-1.5021012274165848,-3.723950403729443,-4.700407915501114,0.3139790650277857,2.6315126171327243,0.533817989845646,3.8181483644723704,0.6631102542115327,5.9951334150556805,-3.9042181054463776,-4.55343884524511
-0.021422419405838035,2.3770649448192835,-0.06381591210161186,47.9815889195731,0.5654065843968301,2.065988488355505,-1.9910814938357904,0.35991812952291524,7.832838601555622,-0.39776974004827026,4.176198656928412,-1.818839774544598,-3.6894237003506856,0.9273494183452966,-2.6322993625505657,-1.8739306166136844,-3.73072571616528,3.9335596753347497,0.15950423227628766,-1.7039773977748325,0.4854419767440034,-1.0632146828172349,8.243816791039174,-1.1986161204914934,0.3233332094686376,-4.188083513638013,-1.950385723503705,-1.732742181194697,1.4433287384605884,-2.6131572432196353,-2.6550746455404344,-3.0480861204308285,-0.3770527481077118,2.4652640752372537,-3.78236694911623,-1.633694263027229,1.138979883177564,-6.056584814688974,0.9356989080969913,5.182991613772057,-0.6312523551154705,-1.850183110914101,-2.0266889010967364,0.49713060004915244,1.5205082010735056,0.7261413390989168,-3.6883105258160787,3.632114036729411,-1.601274954228054,1.6225261018567676
0.1813953218075991,-1.281358819893821,-3.755566768273736,0.5654065843968301,53.68169204922001,1.900721669686479,1.512797865697284,0.7551199279356446,-3.794723546605294,-0.07128784622849173,-0.3813480589777496,-3.4714458807627233,3.6425107912702526,-2.7856180329470193,3.017989829942553,-7.05758731468034,4.164914298321463,-0.4206950257400227,-4.625890828635004,6.3176877704645475,-1.4328044514020366,2.352277785198278,2.0805924343222735,-0.6457619473837538,-0.43170987689227047,1.4475284508369048,0.7731445176151457,-0.847314658476323,-0.3533196776083174,-3.20657114196805,-0.848676798749283,-2.962276402963244,0.44718067986750154,-2.856164986226129,0.5987162024918252,2.260637483920115,-2.992165727600734,3.4041394886198315,3.8882057749795185,-6.107479087174375,0.8779312459543109,-6.203621879434209,-1.331674076135235,5.273073586488872,-1.4066610851361894,2.7582287618752006,4.429793535348379,-1.4757219786431939,-5.40347348361493,-2.511724435471811
3.1843447600473875,3.0165021978226254,-2.284892388650486,2.065988488355505,1.900721669686479,52.962259255962245,-6.9273717506710835,3.9501706273457424,1.0908967337961848,4.844490088697206,-9.490731638230596,-0.0522298061123384,-3.0903436774725517,-4.085137085849846,-1.0077939237457292,-4.467993288757288,1.7120617598810604,0.7039163424440651,1.8076457264807468,-3.613038229824964,0.46557340332950414,6.057050247258998,-3.3438173869648167,-3.66538329069942,-1.9080329191711982,-1.1698124404123957,-3.275434400082527,-1.7200827975969726,2.502179631453879,-2.2553705361770566,-1.903646067875542,4.6082042755019,-0.8394928714655524,2.61580373644139,-5.31503954476274,1.7085378299981502,0.8645122586009256,1.5149924243868937,-0.5173436469918935,-1.993203972925676,-0.6861294643125734,0.09726736808943282,-3.728770990394624,2.39514041219005,-1.6505370269891928,2.2343299772906917,-0.6852952486332021,4.566453882214093,0.7903895783240475,6.671418751456587
0.08871801225268175,-3.4229522388112152,-2.7605074503038964,-1.9910814938357904,1.512797865697284,-6.9273717506710835,52.03028011604791,3.1761244904060915,-1.7112957359803211,-2.9539033157793444,2.4728437396619154,-2.136426895783031,-1.4319584831495378,2.2276024098723592,-2.5669899935581633,-2.6658103096428594,1.074777293520079,4.775956488707017,-1.2457270497036352,2.981664463470139,-0.0758326737021535,-5.044953453372855,-5.7005791559930845,-0.058276863509952086,-1.132123046609101,-2.4836388473096873,-4.769969547949413,0.5609960484406629,1.73434521284724,3.189403359058778,-4.486681867188592,-0.3249810644763037,4.6011926472510005,2.61106671179087,2.1718561722492407,0.996796328145827,-1.4915701321080173,-1.3670007486472484,4.488750021906234,3.938868815408528,4.184231874931786,-0.7780159087208639,0.08899381166142575,-0.08008956380566362,-1.6009097773700967,-4.660573491820623,4.2700414007664484,-1.9077854509912764,2.5603648944321904,0.3027332100602302
1.0349768454385044,-1.9825259839976057,-0.753426372540273,0.35991812952291524,0.7551199279356446,3.9501706273457424,3.1761244904060915,48.32926804281118,1.1909240266157386,-1.84747736766669,5.371936399986241,0.7455684687267179,-0.21040259045968973,1.181692123768916,-2.5978789864683276,-7.623617105564719,2.290838623623255,0.7697097000802623,-3.1309048924344833,1.0357071283549022,-4.0019138726495385,1.0070799971569881,-0.536143793591833,-0.8466639993361821,2.3020533050306833,-4.8085359448650085,1.2278447980047198,1.0258937390943157,2.651489946407225,-1.3859529344236161,-1.282258828912493,-3.227547651020755,6.166361895611962,-0.14638787003999953,-2.8647367281781264,-0.6833919775027333,-0.8493240548177704,-0.6390233134921591,-3.7813058983594448,5.5281007463945855,3.892561040210075,2.6670420367910164,-0.31023596297688666,-3.6106367839583293,-0.8643137674417113,-5.067323492283262,4.3793652078205705,3.06927377450296,2.751861485217982,5.450383697679356
3.441567895854421,1.459035221689756,0.42727946321065424,7.832838601555622,-3.794723546605294,1.0908967337961848,-1.7112957359803211,1.1909240266157386,52.49727193119582,5.313835755202581,-5.0272672319044345,1.4249582804628453,-0.4790527331338092,-1.789554216448547,4.1590678691168845,2.2743816372971035,0.06590135140944516,3.161529887184657,0.20377503481738435,-4.549121583656521,1.24228076190743,-2.3873958819120107,-2.7293239629953145,-1.47230862201142,-2.2897717159147883,-5.591304957820115,0.3888044357040532,-1.2331528615937242,2.684306082774837,0.7955976581106544,0.2151610655392326,-2.4558800449426514,0.471458703279661,3.645751273617105,-0.05721592721883232,-0.39720765381490303,2.6383316579171083,-0.7020574662389477,-2.065389484367942,4.304061671446175,-1.713918930799656,1.6684868611360697,2.4607401050846582,3.0660382590905177,-1.396899021223958,0.46216624634706605,2.0004961482231525,4.0644788909899985,2.2051259578465845,-1.8855496472514512
2.4434678757435293,-3.4304993864772606,3.0130474808086354,-0.39776974004827026,-0.07128784622849173,4.844490088697206,-2.9539033157793444,-1.84747736766669,5.313835755202581,47.58386804074156,1.0361832545642717,0.10961413312673593,3.326404227143772,-0.17394077837802654,-0.6706538463579911,5.292066895153757,-1.1930092153354548,-1.272600780179034,3.086240264173189,-2.2541976600840177,0.6208726375309188,-0.8734198171429591,0.7880553426871312,-8.251711463809068,-0.9369501755974288,-4.2648617796122155,-4.792920088295193,2.253292757247336,0.044009549949024285,-3.006393309042711,3.1949182023359284,-0.840876213798968,-1.686239534844888,-0.3633903517055107,-3.7647416244173137,3.464848258595928,3.9163502035393454,3.7674591254686924,3.232368739929458,0.33003292031004144,-1.0851488317994165,-1.4144716788919913,3.1818472149864485,-0.45436547169021974,-4.069951891778911,-2.9165875685799105,-7.276824006547679,-5.292102318267952,-3.8918856111301197,-1.798057843575643
-0.4996479458344406,-2.7509294444210277,5.615924450416585,4.176198656928412,-0.3813480589777496,-9.490731638230596,2.4728437396619154,5.371936399986241,-5.0272672319044345,1.0361832545642717,53.620593604396745,0.01837759607653583,-3.869610595250845,1.8986009758919626,-2.2542636305914456,2.6328402788288257,-3.577910194821844,-1.7182652921482213,2.772164787306312,3.514019090715502,-3.616034073207263,-0.341179026817281,2.2403744667327117,0.6614299629601691,-0.6804793876967941,-0.21323408724758966,-3.5909557169679465,-0.5140753568704993,0.07155599009418374,-3.5805290610933858,6.946051008072298,1.150000157315658,-2.3781348855567734,-2.7687703558330767,2.9698418976767433,0.609662741690316,4.957490270785644,-0.2911294177989681,2.932504264185255,3.484845996469623,2.6390592667711488,-0.03738796460860019,1.5666027255217745,-0.9910841023917246,0.3242261813884109,-5.18966624729875,-5.096547860979086,1.758725342972714,-1.2252424447984038,-4.244435433991524
-2.8185584144454996,2.533507181097833,2.577803519585441,-1.818839774544598,-3.4714458807627233,-0.0522298061123384,-2.136426895783031,0.7455684687267179,1.4249582804628453,0.10961413312673593,0.01837759607653583,49.70245237415428,-2.205666281631671,-3.190586187870141,-2.077522387658518,-3.6613724588365337,-2.174554444704874,-1.4750399951047564,3.354777671123147,0.4683869086504514,5.495299080369175,-0.23692612537819363,0.8371653219926736,-0.11204219342928454,5.336114161439017,0.41182649518868947,-1.5413969905325084,1.917198425839443,0.22785497618403056,4.85652429064653,0.4603434105421703,-1.7938904423496944,3.473563832343855,-2.137951677062077,-0.5416516275516619,2.8140254216665457,0.19150972748530287,-2.029911927026515,-1.0295810603085105,-0.35998606156796303,-1.8440711842270834,1.1430061442758344,0.014249944019503854,-7.195193792012098,-2.7995375411877075,0.769794199087409,3.0175102867112362,-1.4271188214236292,2.5315730729650214,-0.460297058734692
3.2409006567159246,-0.3652358078580086,0.1372665073227294,-3.6894237003506856,3.6425107912702526,-3.0903436774725517,-1.4319584831495378,-0.21040259045968973,-0.4790527331338092,3.326404227143772,-3.869610595250845,-2.205666281631671,52.63966156470527,-0.3444939860106242,6.50374265662928,1.3287155446430456,0.9300431516535643,1.9730689547313847,-1.177267894922419,5.130742846395096,-2.416628564202092,-3.175325691292108,-3.011969448646832,2.9694506666445144,3.689250140065269,1.6288097507405166,-3.3853623211914003,-5.500910250318143,-1.288087408603339,1.3608919001331805,0.2584050594245021,-3.178974721678714,0.08166417502732076,4.443735550114793,0.0874262068089199,-6.620335308270305,3.119139808566018,3.445880322706231,1.6781821283389635,-0.14502928917616517,0.014784228951241915,-4.703671534791106,-4.124039753791727,-2.14403003291858,-1.2191004562849805,-4.3180292795893696,-0.04389561980707067,-0.776709076205154,0.14320702116984274,-3.6940827676224157
-1.2462139960537684,-1.1792377360353172,-0.08105482061818038,0.9273494183452966,-2.7856180329470193,-4.085137085849846,2.2276024098723592,1.181692123768916,-1.789554216448547,-0.17394077837802654,1.8986009758919626,-3.190586187870141,-0.3444939860106242,57.38750936525725,-1.4728495485747914,2.2630606009432155,-3.389321143489275,2.0128526129484405,-6.071035284881074,2.8933380356863383,-1.283145530260252,0.6700044940486921,9.478352999973646,1.104311508410099,2.921442724783033,-3.027656885187623,-1.106178849256596,2.8813944990785925,-1.9256880476375033,-2.4921286474180273,-2.4244017098083352,1.0700587045378018,-2.3970739792434155,0.9883966927098206,2.7102537779303013,-0.6422908953146077,2.920058209477009,-3.405387233087091,-0.9867889234628012,-0.5965176676534432,-4.350470532536997,-2.9851390480937434,-2.368333555074128,1.9376168496139416,-1.8408259190585488,1.2234101787317428,-6.294861876358857,-5.75240265455591,8.044941841497177,-1.9330089715747412
-1.7669508448109845,6.593031441879848,0.8156742861560696,-2.6322993625505657,3.017989829942553,-1.0077939237457292,-2.5669899935581633,-2.5978789864683276,4.1590678691168845,-0.6706538463579911,-2.2542636305914456,-2.077522387658518,6.50374265662928,-1.4728495485747914,50.176916486560565,3.2504575291947257,5.656513769135775,0.6275714053258822,-0.03736806348761213,1.69194237551516,2.2075820450863555,-2.7753985371128285,3.102978086123769,2.0324440682868645,-5.226970313600217,-1.4016061549789562,-2.8724551387750226,-2.3287384505773505,-0.3983601078740731,-1.6433537139354872,1.703035897680443,3.4554831105493666,-3.1858342237422494,9.051048355672101,-0.7859617272749945,-1.1749344247534748,-2.4662793852162626,-4.256742499122664,7.469791400750374,-8.990743639509555,4.2641622981726295,0.9719835449138755,-2.7542830907937943,5.073246721551384,3.684209841226728,-5.831029306921689,3.332061771454088,-1.043448849245598,3.430358519595895,-5.976441809327914
1.2982352720684598,4.850883131928345,-3.1626090535750104,-1.8739306166136844,-7.05758731468034,-4.467993288757288,-2.6658103096428594,-7.623617105564719,2.2743816372971035,5.292066895153757,2.6328402788288257,-3.6613724588365337,1.3287155446430456,2.2630606009432155,3.2504575291947257,51.70862993402373,2.2520161897878137,-1.7233902428133983,5.1945165974890015,-1.9820934796442453,2.0749161207343016,1.2335724666718266,-0.31478426972916984,4.0699713108712325,-0.850807313712448,4.5494382722302165,4.400233470239032,-2.48996907261819,-0.5555812122241193,-4.437536724549162,0.7783651214644651,-2.9169819505493724,1.046769419064621,5.583526678450472,-4.5462566170042855,-0.3788924696431271,3.984098296003256,-1.0699581388208332,1.7164381948996845,-1.5655246558442741,-4.247441777524119,2.0847684359337393,0.779370593982384,3.9021134188305844,-3.1555544302576095,-1.0810604603430978,-2.918002704113939,-2.6289361627675993,4.4270311635516455,2.7416214581027702
6.483054865365216,-2.825988686401493,2.6110311372816044,-3.73072571616528,4.164914298321463,1.7120617598810604,1.074777293520079,2.290838623623255,0.06590135140944516,-1.1930092153354548,-3.577910194821844,-2.174554444704874,0.9300431516535643,-3.389321143489275,5.656513769135775,2.2520161897878137,52.56840505144713,3.2973139558106546,2.7612957789509425,3.641322083267006,-6.283847853115127,0.4801031162330792,-0.9646772207701997,-1.894818530367563,0.09436142675102839,-0.15975305401870582,0.25328995525341935,1.8988612910858038,-1.7380212880987393,2.3460112082429476,1.6108069435932277,1.865795548444617,-2.065139993765443,1.9196799568670608,0.6536460025501495,2.089799806801515,1.3808128033912679,-2.210452013534797,-0.17524001706237274,1.5022622247307877,3.8946055118916623,3.332074517242782,-1.2974761007676612,-1.0398956602860492,-0.16496583125160796,-0.6246557251143247,1.8151591093914863,-0.8667442903321805,1.987697118682774,-4.486647074745216
-4.202909621721816,-3.080806848506208,3.2804209384346996,3.9335596753347497,-0.4206950257400227,0.7039163424440651,4.775956488707017,0.7697097000802623,3.161529887184657,-1.272600780179034,-1.7182652921482213,-1.4750399951047564,1.9730689547313847,2.0128526129484405,0.6275714053258822,-1.7233902428133983,3.2973139558106546,41.81674133049924,-2.363446499389271,0.14727018420930055,-2.513085279236925,-1.3863391637414728,1.201225167380457,-0.31671891981955635,0.3577196998523142,1.470062664633299,0.1818042211216442,1.4114204011370635,0.5218738426319002,0.5760723875696309,-1.5977527443363053,1.8124359949602917,-1.0857039560202262,-2.3875364753234476,3.372366784331299,-2.030832775520067,-1.5642560524746343,-2.572450395453321,-3.4780289870537056,-0.16698335053604552,-1.1088344835532855,0.4601232469991429,-1.9140416771850457,0.6642540884197206,-3.398640979772002,-2.633589843655216,-2.263511512802168,3.895497161918184,-1.5384056094732534,-2.221771330917179
1.0398402476017097,-0.19494491564090988,-2.146362092252442,0.15950423227628766,-4.625890828635004,1.8076457264807468,-1.2457270497036352,-3.1309048924344833,0.20377503481738435,3.086240264173189,2.772164787306312,3.354777671123147,-1.177267894922419,-6.071035284881074,-0.03736806348761213,5.1945165974890015,2.7612957789509425,-2.363446499389271,51.74750648669587,-4.561746475200011,-1.0380943781800505,1.6746703509442533,-0.6664831188409226,2.9064477565593925,-6.075044410652735,1.369751383380427,-0.5257052776020008,0.1691530751855331,-0.7215693947024895,0.49502162938587113,-1.1551381941570786,2.360492189156419,-2.6242767733357955,-0.5556398562737938,1.5204166820702119,5.982991219904695,-0.4772022563796855,2.951505260926199,2.3444168417824347,2.7400469313198452,-0.23221793514475195,1.3159636737595504,0.818221499464194,-4.615368664244057,-2.8676368958819083,-5.308038797114131,0.5541617599761682,-2.789265880707496,2.8933519173878506,-2.3755656523933575
4.144317349328707,1.2591357384859598,-0.21259551694372159,-1.7039773977748325,6.3176877704645475,-3.613038229824964,2.981664463470139,1.0357071283549022,-4.549121583656521,-2.2541976600840177,3.514019090715502,0.4683869086504514,5.130742846395096,2.8933380356863383,1.69194237551516,-1.9820934796442453,3.641322083267006,0.14727018420930055,-4.561746475200011,54.48740276509801,0.7046594168129288,4.7946724613732945,2.3901987991300166,-0.2119462095160107,1.9491813899823751,4.864162548396643,-5.89669035141954,2.889797217533266,-5.190963296938858,0.8513549667287265,0.505329268302103,-0.935361329064003,0.30424940168688197,5.243873640858231,2.757362017840795,-1.8510163363208818,-3.7822848621050746,-3.4297226537485526,-0.8225044670966255,-4.2937827809691615,2.4288128746127087,1.5310952494075463,1.6951152164605892,2.314520408715635,-1.9732892511776314,2.4163666201631893,4.366668847988718,2.982018088815968,-3.2021494415828045,-6.049631015400232
4.167648256067469,7.370114589103805,0.3156602226442429,0.4854419767440034,-1.4328044514020366,0.46557340332950414,-0.0758326737021535,-4.0019138726495385,1.24228076190743,0.6208726375309188,-3.616034073207263,5.495299080369175,-2.416628564202092,-1.283145530260252,2.2075820450863555,2.0749161207343016,-6.283847853115127,-2.513085279236925,-1.0380943781800505,0.7046594168129288,53.23928099743928,-1.8505498909334532,3.2466488821232886,0.814106805039107,2.7106975807703955,1.9801120093540956,0.18067463126714542,-3.1848210838492164,2.6872130354652866,0.5836303056315159,3.5368393109900125,-0.4845104360379203,2.466760824343917,0.20371777688335985,-1.3986157007569384,0.9486736547867056,-5.667190447111579,0.28224429238869975,8.868647820841879,-4.339986992082863,-3.9829880339274686,3.001947401182031,0.6354179902694184,-3.006511921138426,0.4134909574402417,-1.1730231910969857,-1.1997364402399606,1.1139082170104626,-1.07253170588592,-3.1913125401599562
-1.6506228231177311,0.6918510412462614,-0.021138452116046164,-1.0632146828172349,2.352277785198278,6.057050247258998,-5.044953453372855,1.0070799971569881,-2.3873958819120107,-0.8734198171429591,-0.341179026817281,-0.23692612537819363,-3.175325691292108,0.6700044940486921,-2.7753985371128285,1.2335724666718266,0.4801031162330792,-1.3863391637414728,1.6746703509442533,4.7946724613732945,-1.8505498909334532,54.70098361233902,-4.620540173041747,3.0116526237944483,-2.882390542690587,-3.0771575899854517,0.7294158870893088,-3.6440443333450716,-2.353090252866242,-2.0570555406669437,-0.25589795497362805,-1.20707823650245,1.5269884935280797,1.1436932705226095,-0.43533372440754853,4.312519896862648,-1.1286409771813146,-1.5711390653645756,-5.661866623263097,-4.408908964221975,-0.9765621171806907,1.415491968976887,3.153650908087209,0.021136144715485305,-0.8096477350390094,5.392931022225355,-2.3187686042320617,5.243393662383699,-3.233577315998955,3.336622825357534
3.257567086328289,2.0181570636022346,-4.615591089488534,8.243816791039174,2.0805924343222735,-3.3438173869648167,-5.7005791559930845,-0.536143793591833,-2.7293239629953145,0.7880553426871312,2.2403744667327117,0.8371653219926736,-3.011969448646832,9.478352999973646,3.102978086123769,-0.31478426972916984,-0.9646772207701997,1.201225167380457,-0.6664831188409226,2.3901987991300166,3.2466488821232886,-4.620540173041747,53.17124966040919,-1.5025459246761388,2.6356719580436443,-3.960985250490103,-1.0572275893197454,-3.527331609907551,-6.829600659177113,-2.8031015897533162,0.2132904885248387,-5.744588169520027,-0.9362249254223606,0.7507863152214733,0.5429765102163303,-2.7422233815672574,0.6317444683760493,-4.363781603663859,-5.008547256326234,-0.3183481154120465,-2.0756452547413984,4.223939391534243,-3.218937996147492,-2.1855023673647276,-3.4953023655368085,-0.8378777411272798,1.143500031092894,-3.0191870046587908,1.4650085409351372,-1.8418909897405873
-0.7929271948845348,3.259727632180321,1.6785252049638921,-1.1986161204914934,-0.6457619473837538,-3.66538329069942,-0.058276863509952086,-0.8466639993361821,-1.47230862201142,-8.251711463809068,0.6614299629601691,-0.11204219342928454,2.9694506666445144,1.104311508410099,2.0324440682868645,4.0699713108712325,-1.894818530367563,-0.31671891981955635,2.9064477565593925,-0.2119462095160107,0.814106805039107,3.0116526237944483,-1.5025459246761388,52.081645453927464,-3.3199663513840862,2.8957398398583263,-2.1015414273441673,-0.6432378324859714,-2.8173974429461164,1.5997879987081423,0.35322387981561404,-0.44116965041641554,-3.817740244969844,5.018670084771028,4.278530325936028,-2.831075168207378,-0.8984541888248053,4.138080115195351,-5.682314598909331,-2.634125498916373,-2.187894568674684,3.4706622956253277,-3.078058512052802,-0.7101378424686877,-1.298218247981669,-3.280771341871616,1.7991284503252216,3.022348039779139,1.5766954379083016,-5.607273344499561
-2.0082985143658694,-6.533577325075219,-1.4841206428937197,0.3233332094686376,-0.43170987689227047,-1.9080329191711982,-1.132123046609101,2.3020533050306833,-2.2897717159147883,-0.9369501755974288,-0.6804793876967941,5.336114161439017,3.689250140065269,2.921442724783033,-5.226970313600217,-0.850807313712448,0.09436142675102839,0.3577196998523142,-6.075044410652735,1.9491813899823751,2.7106975807703955,-2.882390542690587,2.6356719580436443,-3.3199663513840862,53.14616093691231,0.6791376528669102,1.0199580755419448,-3.357282167935559,-0.5360826518907781,2.1594906086315215,2.8797654717250287,-2.6456030970018607,0.9301144209808854,-3.2645654754396314,1.289947405485199,-0.2526853739896273,-5.55959203904531,-4.470300161832116,-0.603599941982478,-3.4645658473878056,-0.7865991298183556,2.830733014610236,-5.144437441598179,-0.6590160464030539,-5.896763182343384,4.835437303320804,-3.8374351058210987,-0.9810127745548183,-0.47182527753340864,5.37064633241466
-0.5389969226526472,-0.6079509657272374,-5.521459291536818,-4.188083513638013,1.4475284508369048,-1.1698124404123957,-2.4836388473096873,-4.8085359448650085,-5.591304957820115,-4.2648617796122155,-0.21323408724758966,0.41182649518868947,1.6288097507405166,-3.027656885187623,-1.4016061549789562,4.5494382722302165,-0.15975305401870582,1.470062664633299,1.369751383380427,4.864162548396643,1.9801120093540956,-3.0771575899854517,-3.960985250490103,2.8957398398583263,0.6791376528669102,50.224704491180276,3.0678350859835697,3.602194847118772,-4.3890402079610356,1.9147414192516965,-2.7973184814422205,-0.9640367547806373,1.627658776049062,-0.2346658050831966,6.152919625628232,-1.351149605092346,-3.286021654405568,4.371560926419556,1.4097039015774697,0.09244455676368903,-3.1881856016304932,-4.31514896962696,-2.134690780869257,0.10738803781097771,2.2778181529581647,0.6219253374920769,-5.715366545538901,-1.0389847788379662,2.6202179667295455,5.221964300757391
2.2154325550401786,4.58094178693678,1.5408763826638,-1.950385723503705,0.7731445176151457,-3.275434400082527,-4.769969547949413,1.2278447980047198,0.3888044357040532,-4.792920088295193,-3.5909557169679465,-1.5413969905325084,-3.3853623211914003,-1.106178849256596,-2.8724551387750226,4.400233470239032,0.25328995525341935,0.1818042211216442,-0.5257052776020008,-5.89669035141954,0.18067463126714542,0.7294158870893088,-1.0572275893197454,-2.1015414273441673,1.0199580755419448,3.0678350859835697,55.836685375057556,-1.4498919414297515,2.641050505176085,-4.321227109719582,-2.7373399505901257,-2.455835148856436,4.239650527500541,-6.967793909157164,-0.11545055345232554,-1.7962020102839396,-1.9265882426372,-0.18750805954355623,0.3821965366503029,-2.4862502019482813,-5.269870272737967,3.69307124517614,1.001916218875528,1.3234898858456026,3.516922389585382,4.633156126496086,-2.7268686925427494,1.8996544803497266,4.993616888456256,5.382703204854376
-0.9478478583807391,1.5357218096617147,1.9952419427242731,-1.732742181194697,-0.847314658476323,-1.7200827975969726,0.5609960484406629,1.0258937390943157,-1.2331528615937242,2.253292757247336,-0.5140753568704993,1.917198425839443,-5.500910250318143,2.8813944990785925,-2.3287384505773505,-2.48996907261819,1.8988612910858038,1.4114204011370635,0.1691530751855331,2.889797217533266,-3.1848210838492164,-3.6440443333450716,-3.527331609907551,-0.6432378324859714,-3.357282167935559,3.602194847118772,-1.4498919414297515,49.836922519063016,1.5319610170848725,3.0774797003642873,3.322435552838442,0.5798606695033212,-0.192866883076583,-1.4332017615105017,-1.1099880470308252,-0.14621787140997528,-0.5963335145060442,-2.42941210628983,-1.6780122014225165,2.46198211198206,-2.1922106165746102,-0.9569544491771361,3.5179522772979306,0.23520511306982875,2.163296779989003,0.0697376108154471,0.5475657426237203,0.9759837059777327,-4.251646882520483,2.2786120457055747
-1.1532682305144577,5.976847247592702,-5.430036306061248,1.4433287384605884,-0.3533196776083174,2.502179631453879,1.73434521284724,2.651489946407225,2.684306082774837,0.044009549949024285,0.07155599009418374,0.22785497618403056,-1.288087408603339,-1.9256880476375033,-0.3983601078740731,-0.5555812122241193,-1.7380212880987393,0.5218738426319002,-0.7215693947024895,-5.190963296938858,2.6872130354652866,-2.353090252866242,-6.829600659177113,-2.8173974429461164,-0.5360826518907781,-4.3890402079610356,2.641050505176085,1.5319610170848725,50.64579585598607,-1.1561721901822606,0.8363081933916945,-3.327809627042776,-0.4611051575784713,-0.8599046586930685,-3.9514500792122567,3.1401617359012586,1.11245582598887,1.8919227699590007,-0.7704295243476793,-0.03021205440618931,0.06715489292002144,2.0919558776398843,1.3675205558300199,0.19294372345526792,-0.7321541577259045,-1.716238703634964,0.9477249558548158,-0.5048834100251836,7.828325250053511,-1.4826256125038086
-1.9874974880920202,1.652390473839094,4.537734005936653,-2.6131572432196353,-3.20657114196805,-2.2553705361770566,3.189403359058778,-1.3859529344236161,0.7955976581106544,-3.006393309042711,-3.5805290610933858,4.85652429064653,1.3608919001331805,-2.4921286474180273,-1.6433537139354872,-4.437536724549162,2.3460112082429476,0.5760723875696309,0.49502162938587113,0.8513549667287265,0.5836303056315159,-2.0570555406669437,-2.8031015897533162,1.5997879987081423,2.1594906086315215,1.9147414192516965,-4.321227109719582,3.0774797003642873,-1.1561721901822606,51.36238073172349,-3.155410994384172,1.9950227910688614,0.9988784437564342,1.067287734059908,-0.8179477265411159,-5.464919155110895,-1.406820134580129,-2.617717265544292,-2.4021099334422775,0.6958347818228569,6.516899427169675,3.128314468421208,0.6892135790678845,0.6536406165890265,-1.3320547364083715,-0.8149011417468107,-0.16496895076909163,1.773006828359542,0.4863202106098704,-5.323292919415523
4.2716811081194415,-5.216426055407039,5.448804726907285,-2.6550746455404344,-0.848676798749283,-1.903646067875542,-4.486681867188592,-1.282258828912493,0.2151610655392326,3.1949182023359284,6.946051008072298,0.4603434105421703,0.2584050594245021,-2.4244017098083352,1.703035897680443,0.7783651214644651,1.6108069435932277,-1.5977527443363053,-1.1551381941570786,0.505329268302103,3.5368393109900125,-0.25589795497362805,0.2132904885248387,0.35322387981561404,2.8797654717250287,-2.7973184814422205,-2.7373399505901257,3.322435552838442,0.8363081933916945,-3.155410994384172,49.7787871834213,1.4000589165655815,-3.032683606735951,-2.6400496249110144,3.622538039836814,4.043520822129833,2.3057142590048487,0.10565148528573545,1.325985007851434,-3.9176718618190547,2.727950821751537,-1.5383426883171707,-1.9277343231782516,-3.2756623207782996,-0.1416489136812314,-7.081095670583639,-0.4244900964329737,1.678895186532886,-2.0355183429382384,-0.007647591623611154
-3.054028534067347,-1.3120830142060855,3.5835456287765326,-3.0480861204308285,-2.962276402963244,4.6082042755019,-0.3249810644763037,-3.227547651020755,-2.4558800449426514,-0.840876213798968,1.150000157315658,-1.7938904423496944,-3.178974721678714,1.0700587045378018,3.4554831105493666,-2.9169819505493724,1.865795548444617,1.8124359949602917,2.360492189156419,-0.935361329064003,-0.4845104360379203,-1.20707823650245,-5.744588169520027,-0.44116965041641554,-2.6456030970018607,-0.9640367547806373,-2.455835148856436,0.5798606695033212,-3.327809627042776,1.9950227910688614,1.4000589165655815,49.48234530460535,4.393856619467719,-1.9849458428240734,2.073680579009348,1.6710382355721713,-0.8592687320408262,-0.3730403255991959,5.2233102872776875,0.6541179213110991,0.8295593388170353,-4.831551497803005,-3.3156371244550447,-1.8487077430466854,1.4744627738428637,0.5024760078118831,-2.024948172652201,0.8258661591095913,0.32392323241584176,-0.10025935073656744
2.7091441032490273,0.8479414937902048,0.8246984736574138,-0.3770527481077118,0.44718067986750154,-0.8394928714655524,4.6011926472510005,6.166361895611962,0.471458703279661,-1.686239534844888,-2.3781348855567734,3.473563832343855,0.08166417502732076,-2.3970739792434155,-3.1858342237422494,1.046769419064621,-2.065139993765443,-1.0857039560202262,-2.6242767733357955,0.30424940168688197,2.466760824343917,1.5269884935280797,-0.9362249254223606,-3.817740244969844,0.9301144209808854,1.627658776049062,4.239650527500541,-0.192866883076583,-0.4611051575784713,0.9988784437564342,-3.032683606735951,4.393856619467719,51.77062612624065,-2.84935061175251,-1.4541776554628305,3.3676581387627422,-2.510005385072706,-0.7663929962884117,4.094742871154572,-1.3295138097966037,6.204779361691558,3.7776518501112073,-1.2168539110812275,-2.6134095945781812,1.2041538558215827,4.061241185451528,7.033410994002391,1.7951813465188196,-0.5190314387603385,7.801011998833902
2.247981887383999,2.009312788038085,2.393833766003295,2.4652640752372537,-2.856164986226129,2.61580373644139,2.61106671179087,-0.14638787003999953,3.645751273617105,-0.3633903517055107,-2.7687703558330767,-2.137951677062077,4.443735550114793,0.9883966927098206,9.051048355672101,5.583526678450472,1.9196799568670608,-2.3875364753234476,-0.5556398562737938,5.243873640858231,0.20371777688335985,1.1436932705226095,0.7507863152214733,5.018670084771028,-3.2645654754396314,-0.2346658050831966,-6.967793909157164,-1.4332017615105017,-0.8599046586930685,1.067287734059908,-2.6400496249110144,-1.9849458428240734,-2.84935061175251,56.15410078141223,-1.3179315941781886,-6.512794124862071,0.09309703996846615,-3.2827267039911643,1.8731058678465151,-3.657984295372498,-2.613828977398804,0.5106616860153663,-1.0168322958917213,0.9213742138746165,-4.7041504926338975,-0.8872614635273034,4.328994664744662,2.2162826050967825,-0.8691604913738435,-0.5860839191760123
1.8068389269942176,-3.964038928770251,1.5696181766303845,-3.78236694911623,0.5987162024918252,-5.31503954476274,2.1718561722492407,-2.8647367281781264,-0.05721592721883232,-3.7647416244173137,2.9698418976767433,-0.5416516275516619,0.0874262068089199,2.7102537779303013,-0.7859617272749945,-4.5462566170042855,0.6536460025501495,3.372366784331299,1.5204166820702119,2.757362017840795,-1.3986157007569384,-0.43533372440754853,0.5429765102163303,4.278530325936028,1.289947405485199,6.152919625628232,-0.11545055345232554,-1.1099880470308252,-3.9514500792122567,-0.8179477265411159,3.622538039836814,2.073680579009348,-1.4541776554628305,-1.3179315941781886,49.43986222915896,-0.7750532960256521,3.3260110531648635,3.0440943270795557,4.074146489481446,-2.9681696556105366,-5.070895980192501,1.5206668330389286,-4.877826635800735,-0.1691435844896484,-2.1309554362212926,2.018952866368128,2.366540578528796,1.318707965315343,1.788788638127341,-7.472100776935984
-7.416436556209029,-3.2161660408415114,-5.2241431550258985,-1.633694263027229,2.260637483920115,1.7085378299981502,0.996796328145827,-0.6833919775027333,-0.39720765381490303,3.464848258595928,0.609662741690316,2.8140254216665457,-6.620335308270305,-0.6422908953146077,-1.1749344247534748,-0.3788924696431271,2.089799806801515,-2.030832775520067,5.982991219904695,-1.8510163363208818,0.9486736547867056,4.312519896862648,-2.7422233815672574,-2.831075168207378,-0.2526853739896273,-1.351149605092346,-1.7962020102839396,-0.14621787140997528,3.1401617359012586,-5.464919155110895,4.043520822129833,1.6710382355721713,3.3676581387627422,-6.512794124862071,-0.7750532960256521,54.435333390802384,1.0662236249478605,-0.021932362772912283,5.847842455594657,4.37954276230698,2.3164061154981366,-0.9466769925824248,2.686117611066131,-5.25348877173218,6.76842116628972,-1.0499300385496768,5.749003818082496,-3.942910496439908,-0.7532724178433747,4.58403808413291
1.0198210924916686,1.1238225700773683,3.7157699406542877,1.138979883177564,-2.992165727600734,0.8645122586009256,-1.4915701321080173,-0.8493240548177704,2.6383316579171083,3.9163502035393454,4.957490270785644,0.19150972748530287,3.119139808566018,2.920058209477009,-2.4662793852162626,3.984098296003256,1.3808128033912679,-1.5642560524746343,-0.4772022563796855,-3.7822848621050746,-5.667190447111579,-1.1286409771813146,0.6317444683760493,-0.8984541888248053,-5.55959203904531,-3.286021654405568,-1.9265882426372,-0.5963335145060442,1.11245582598887,-1.406820134580129,2.3057142590048487,-0.8592687320408262,-2.510005385072706,0.09309703996846615,3.3260110531648635,1.0662236249478605,48.5872444901846,0.28775599997209694,2.569790231945773,3.3521824807370115,-3.2862702429331483,1.0147657212448336,-0.4971295227972035,-3.5361259931774973,4.3029900720973835,-4.461682172631604,-1.2282843009559257,2.8098715270008787,1.3366036333432232,0.03813360105268237
2.3106115379049563,-4.953782993534653,3.826394007114723,-6.056584814688974,3.4041394886198315,1.5149924243868937,-1.3670007486472484,-0.6390233134921591,-0.7020574662389477,3.7674591254686924,-0.2911294177989681,-2.029911927026515,3.445880322706231,-3.405387233087091,-4.256742499122664,-1.0699581388208332,-2.210452013534797,-2.572450395453321,2.951505260926199,-3.4297226537485526,0.28224429238869975,-1.5711390653645756,-4.363781603663859,4.138080115195351,-4.470300161832116,4.371560926419556,-0.18750805954355623,-2.42941210628983,1.8919227699590007,-2.617717265544292,0.10565148528573545,-0.3730403255991959,-0.7663929962884117,-3.2827267039911643,3.0440943270795557,-0.021932362772912283,0.28775599997209694,55.890853521200754,1.6846085557327548,-0.6618100717692235,-1.6526865248017883,-0.08730004258559759,0.13869068431521084,-0.26534992967652204,3.2718549504422203,-4.750477908550034,-0.8044889743833846,-6.852787301712542,0.23417418644906335,-2.777050128942689
1.9058034204840322,2.4342958550890823,-0.1990941707141527,0.9356989080969913,3.8882057749795185,-0.5173436469918935,4.488750021906234,-3.7813058983594448,-2.065389484367942,3.232368739929458,2.932504264185255,-1.0295810603085105,1.6781821283389635,-0.9867889234628012,7.469791400750374,1.7164381948996845,-0.17524001706237274,-3.4780289870537056,2.3444168417824347,-0.8225044670966255,8.868647820841879,-5.661866623263097,-5.008547256326234,-5.682314598909331,-0.603599941982478,1.4097039015774697,0.3821965366503029,-1.6780122014225165,-0.7704295243476793,-2.4021099334422775,1.325985007851434,5.2233102872776875,4.094742871154572,1.8731058678465151,4.074146489481446,5.847842455594657,2.569790231945773,1.6846085557327548,57.33896286305058,-4.058354469447287,-0.8304240536817428,1.8453636572954524,-2.0668893101907653,0.8906498745007969,5.515021305887389,-5.52481481033545,0.11910497700743551,-3.904841691592774,-0.37497813384705564,0.8352513245490141
-2.6484410706304367,4.755747774929893,-1.5021012274165848,5.182991613772057,-6.107479087174375,-1.993203972925676,3.938868815408528,5.5281007463945855,4.304061671446175,0.33003292031004144,3.484845996469623,-0.35998606156796303,-0.14502928917616517,-0.5965176676534432,-8.990743639509555,-1.5655246558442741,1.5022622247307877,-0.16698335053604552,2.7400469313198452,-4.2937827809691615,-4.339986992082863,-4.408908964221975,-0.3183481154120465,-2.634125498916373,-3.4645658473878056,0.09244455676368903,-2.4862502019482813,2.46198211198206,-0.03021205440618931,0.6958347818228569,-3.9176718618190547,0.6541179213110991,-1.3295138097966037,-3.657984295372498,-2.9681696556105366,4.37954276230698,3.3521824807370115,-0.6618100717692235,-4.058354469447287,55.74843755318741,5.129594314843164,-2.7027234001747313,3.663850962443363,-7.821441440743679,2.8183459122825325,1.7390565707172656,-0.023112000984321705,-1.5687726587086155,1.5762703781433738,2.9314547584210535
0.49067731501481354,-2.713652449666359,-3.723950403729443,-0.6312523551154705,0.8779312459543109,-0.6861294643125734,4.184231874931786,3.892561040210075,-1.713918930799656,-1.0851488317994165,2.6390592667711488,-1.8440711842270834,0.014784228951241915,-4.350470532536997,4.2641622981726295,-4.247441777524119,3.8946055118916623,-1.1088344835532855,-0.23221793514475195,2.4288128746127087,-3.9829880339274686,-0.9765621171806907,-2.0756452547413984,-2.187894568674684,-0.7865991298183556,-3.1881856016304932,-5.269870272737967,-2.1922106165746102,0.06715489292002144,6.516899427169675,2.727950821751537,0.8295593388170353,6.204779361691558,-2.613828977398804,-5.070895980192501,2.3164061154981366,-3.2862702429331483,-1.6526865248017883,-0.8304240536817428,5.129594314843164,50.34007215276167,-0.22132581529144876,2.7305080688491743,2.2434255400346528,1.7126417054455785,-1.9740879585212399,5.760378595462285,0.16076037599429707,-1.2615528363849473,0.568416264140703
