500,200,30,2.25
0.0005197069370416606,-2.456521469739734e-06,2.446346100816619e-06,2.363910061728684e-05,-2.147964265820043e-05,-1.0586603277622814e-05,-5.306556829588307e-05,-1.6581872024997577e-05,-9.096079425174888e-06,5.8880846692764395e-05,-9.447863500001113e-06,-1.4865168511990747e-06,2.8917023073512865e-05,5.681015664840043e-06,-3.778152622539613e-05,-2.4583994810699727e-05,-4.2551504268103876e-05,3.7810985740692955e-05,1.498152165685333e-05,3.1992783215858835e-05,6.909936299252715e-05,3.216376056682269e-05,2.4614832182788132e-05,2.0958334201129642e-05,1.6090402125526305e-05,7.672060316309495e-06,-2.4295111911156935e-06,-1.0389930243332196e-06,-5.915353428011293e-05,-1.3291724935256285e-05
-2.456521469739734e-06,0.0005550425264499453,-1.7344960144971235e-05,-2.353334741001284e-05,9.486677766339751e-07,-2.5351701140274398e-05,-3.111994809612176e-05,-1.2768295269378928e-05,-4.4447090919997364e-05,1.3044563194423429e-05,1.0297103256667661e-05,-2.4472053409523324e-05,6.229274365328621e-06,2.981572705635025e-05,3.8238786678364014e-05,1.9532066531494522e-05,6.211751965967208e-05,-4.2061009594338734e-05,-3.096739175810389e-05,3.7116623838053286e-05,-2.8232303920271172e-05,-3.991088032243008e-05,3.103561664707934e-05,-1.413593319273583e-05,3.6003945241834993e-05,-3.6070724526562733e-05,1.4642232261763307e-05,-6.826354092476499e-05,-3.290431971210398e-05,-5.2821237107653845e-05
2.446346100816619e-06,-1.7344960144971235e-05,0.0005262895429836731,3.301224075558084e-05,-4.141187353117093e-06,-7.857049322283641e-06,3.966630691876258e-05,6.825019277378956e-06,5.463854685708149e-06,-1.037393615458493e-06,-8.068145599944691e-07,-4.547406533631861e-05,-1.8547396274000593e-05,3.392795579554524e-05,1.7885401009080907e-05,5.49806223249747e-05,-1.93471547222477e-05,1.4764007758368492e-05,2.262916839885208e-05,2.214816797920615e-06,-2.0388266910437178e-05,-5.080390936890207e-06,-3.3148028060982644e-05,6.6422896242724096e-06,2.6694296519507582e-05,-1.1117260555766687e-05,-4.948481456252109e-05,3.319678073566491e-05,1.0799825512491895e-05,9.37743828682074e-06
2.363910061728684e-05,-2.353334741001284e-05,3.301224075558084e-05,0.0005030057412414851,-4.9444391051911863e-05,9.341574689119195e-06,1.4605776852254717e-05,2.6461264181195338e-05,2.3357876580560858e-05,4.527644739919128e-05,7.65681005796783e-06,2.4251937216833863e-05,3.943339301235811e-06,2.9900365981263923e-06,5.5059696083898615e-06,-2.2114151307091516e-05,2.3924668383808844e-05,4.113776916345426e-06,-4.995895709128909e-06,-5.2422626218970085e-05,-5.3094338290557774e-05,2.9890703945112068e-05,-2.2626361137802358e-05,-5.096000861885016e-06,-4.244747445817521e-05,1.099291287653705e-05,-3.034245476918996e-05,9.795821717442606e-06,-3.5313369114672316e-06,-6.37320389020229e-07
-2.147964265820043e-05,9.486677766339751e-07,-4.141187353117093e-06,-4.9444391051911863e-05,0.0005162795303616308,-2.7518375005204173e-05,4.661310989946026e-05,3.8060331296481776e-05,-9.886465234397927e-07,-2.361750633904753e-05,-1.8090927269941445e-05,6.933265094667422e-06,1.4891549033419712e-05,-4.669415229043775e-05,1.9814823310738965e-05,2.9545599797915564e-05,3.0824072798055393e-05,2.011145587175777e-05,5.5491142981914456e-05,6.469551868535331e-05,1.784960452496991e-05,-4.9731871890928095e-06,-3.655164848928327e-05,-2.9693774350738294e-05,-3.8702596470436136e-05,4.2450019057831914e-05,-4.9923407633496154e-05,5.202222906679318e-06,2.478346239688509e-06,-1.7238367048875972e-06
-1.0586603277622814e-05,-2.5351701140274398e-05,-7.857049322283641e-06,9.341574689119195e-06,-2.7518375005204173e-05,0.0005451156780507828,2.381638395321075e-05,9.335698597722935e-06,-4.593172093677444e-05,3.3228493461511515e-05,1.5088674170567007e-06,2.7115579600789035e-05,-1.903049883047392e-05,5.444754278383027e-06,-2.16064292345432e-05,-6.161831433139552e-06,-2.9059004882670873e-06,1.5226337307523871e-05,2.5648392988142994e-06,5.0603388252478015e-05,3.941436270639591e-05,-1.911497448489898e-05,-3.765998430683198e-05,-4.302619766297685e-06,3.199291572115287e-05,1.671025330506035e-05,-5.7360062362207005e-05,6.319823721426798e-06,8.485490151050813e-05,5.238551364579967e-05
-5.306556829588307e-05,-3.111994809612176e-05,3.966630691876258e-05,1.4605776852254717e-05,4.661310989946026e-05,2.381638395321075e-05,0.0005315965284601831,1.1545437308433466e-05,5.558602406851205e-05,3.038650676704208e-05,-3.0146378284031584e-05,3.339879934098792e-05,-7.801301234920904e-05,3.0707833809463587e-06,1.614932759403237e-05,3.759234523506018e-05,-6.685738702160613e-06,8.279472758972205e-06,5.0044882130689754e-05,-7.440503306675623e-06,-1.083652917344863e-05,2.2598647943934842e-06,-8.247838577953448e-07,5.46382595416217e-06,1.22789080311735e-05,1.4133407818667423e-05,5.620346096099215e-06,1.7987775399448716e-05,4.077811296039486e-05,-5.03314899985618e-05
-1.6581872024997577e-05,-1.2768295269378928e-05,6.825019277378956e-06,2.6461264181195338e-05,3.8060331296481776e-05,9.335698597722935e-06,1.1545437308433466e-05,0.0004898921675000565,6.950123479825001e-07,-2.8749376437247793e-05,-1.2953076770074943e-05,-3.743407035241755e-05,-2.3330020687249065e-05,2.687092570184101e-05,2.2269040881665152e-05,-5.744176059876806e-06,3.405629843634132e-06,-2.933595675347434e-05,-2.5757467618043633e-05,-1.0757170279772749e-05,-1.1672222277785573e-05,-1.942416508972371e-05,-4.525627247682781e-05,-4.4583592483097736e-05,7.535940913436523e-06,9.230639967365264e-06,9.125293598012518e-06,-3.655850213962285e-05,-3.6605580083160935e-05,8.718980235410196e-07
-9.096079425174888e-06,-4.4447090919997364e-05,5.463854685708149e-06,2.3357876580560858e-05,-9.886465234397927e-07,-4.593172093677444e-05,5.558602406851205e-05,6.950123479825001e-07,0.0005255092355283056,4.1657589695814116e-05,-5.1669707514341184e-05,2.6415126060669245e-05,-3.1996106577935655e-05,-2.2232343186061878e-05,-1.8259687902632892e-06,3.138182362213963e-05,-2.021564158792774e-05,-4.121984355721686e-05,4.392172086597644e-05,-7.685248710986853e-05,2.5988389860015477e-06,2.188296422542028e-05,1.2515194277660192e-05,1.4713310676464328e-05,5.36431867817919e-05,6.148650016148989e-05,-2.175088810688107e-05,2.714445820763713e-05,-1.60404204511867e-05,7.1021246343918e-05
5.8880846692764395e-05,1.3044563194423429e-05,-1.037393615458493e-06,4.527644739919128e-05,-2.361750633904753e-05,3.3228493461511515e-05,3.038650676704208e-05,-2.8749376437247793e-05,4.1657589695814116e-05,0.0005185990272170641,1.004990875810289e-05,7.312470249760702e-06,2.4735539771320755e-05,-8.017846808247116e-06,-7.93282463599633e-06,-2.9176115120124428e-05,5.138179866246462e-06,3.1246932619973035e-05,-4.706654253525659e-07,-3.3795109450376877e-06,4.732522805850858e-05,6.532247426986324e-06,-1.4769130417515844e-05,-8.654170374247168e-06,3.481842010511484e-05,5.293923357601152e-05,-6.698938568233551e-05,5.946015089717365e-06,2.6450034772315763e-05,6.115023398225296e-05
-9.447863500001113e-06,1.0297103256667661e-05,-8.068145599944691e-07,7.65681005796783e-06,-1.8090927269941445e-05,1.5088674170567007e-06,-3.0146378284031584e-05,-1.2953076770074943e-05,-5.1669707514341184e-05,1.004990875810289e-05,0.0004882434396343453,2.969286583244559e-05,-3.565585838731662e-05,-2.9583575038561193e-05,-1.5599929421270466e-05,-3.3494960690961774e-05,-4.836600660807884e-07,3.989929993450546e-05,-4.222962974846639e-06,8.30108524140992e-06,1.7275498217207148e-05,-3.229416649767126e-05,-5.1463491543237355e-06,-1.6276863771219574e-05,-2.8036314786774494e-05,-1.0120415860914517e-06,1.750811301961365e-05,-2.7039795349939148e-05,-3.4618918672345674e-05,2.8424806744067556e-07
-1.4865168511990747e-06,-2.4472053409523324e-05,-4.547406533631861e-05,2.4251937216833863e-05,6.933265094667422e-06,2.7115579600789035e-05,3.339879934098792e-05,-3.743407035241755e-05,2.6415126060669245e-05,7.312470249760702e-06,2.969286583244559e-05,0.000508737775382,-2.0441956248358207e-05,-1.6197152811244335e-05,1.0936654219254153e-06,2.0220601416117987e-05,1.1044775988705153e-05,1.8849988168018443e-05,-4.264974701996458e-05,3.192258748467572e-05,5.2754277136148735e-06,2.4833746496460156e-06,-2.4343750521763522e-05,4.25935937036761e-05,-6.0079755040283766e-05,-2.4266392931519635e-05,3.40202322974748e-05,-3.591804231458641e-05,-5.0722226512643135e-05,-1.8548473727713984e-05
2.8917023073512865e-05,6.229274365328621e-06,-1.8547396274000593e-05,3.943339301235811e-06,1.4891549033419712e-05,-1.903049883047392e-05,-7.801301234920904e-05,-2.3330020687249065e-05,-3.1996106577935655e-05,2.4735539771320755e-05,-3.565585838731662e-05,-2.0441956248358207e-05,0.0005451778128713283,-9.502040292903308e-06,-1.9639716928483874e-05,-2.6474237069355274e-05,-1.4483798844296327e-06,1.050266857082047e-05,3.0330889838493013e-05,4.856575822488935e-05,8.190593554003419e-05,-5.534277828999963e-06,3.1944998050138714e-05,1.4257609306098956e-05,-3.0926068343380944e-05,-4.223753456281624e-05,-6.953590939170252e-06,7.113556660762398e-07,1.1734616733062704e-05,8.313623448264302e-06
5.681015664840043e-06,2.981572705635025e-05,3.392795579554524e-05,2.9900365981263923e-06,-4.669415229043775e-05,5.444754278383027e-06,3.0707833809463587e-06,2.687092570184101e-05,-2.2232343186061878e-05,-8.017846808247116e-06,-2.9583575038561193e-05,-1.6197152811244335e-05,-9.502040292903308e-06,0.0004939875855039487,-5.2706360818079575e-06,2.2973555208194867e-07,5.5461016399925175e-06,2.139423826677124e-05,-4.105476657795375e-05,-9.346266919389254e-06,-4.7351100714159066e-05,3.5085731917327614e-06,-2.950232587316583e-05,-1.5607219186695891e-06,-1.6502120583465094e-05,-2.1885300779408936e-05,1.8420938548268332e-05,-2.2307612007787617e-05,2.281964933304431e-05,1.4037783164143191e-05
-3.778152622539613e-05,3.8238786678364014e-05,1.7885401009080907e-05,5.5059696083898615e-06,1.9814823310738965e-05,-2.16064292345432e-05,1.614932759403237e-05,2.2269040881665152e-05,-1.8259687902632892e-06,-7.93282463599633e-06,-1.5599929421270466e-05,1.0936654219254153e-06,-1.9639716928483874e-05,-5.2706360818079575e-06,0.0005495539560104586,-5.896637429054783e-06,1.8605906735446823e-05,-2.6057715927199466e-05,4.8102260912971026e-05,8.330146766820468e-06,1.3316235446147104e-05,1.9462775286517204e-06,7.167268754551273e-06,8.084893551996073e-05,6.013341612308241e-06,-1.1547228038387984e-05,-1.1252616180738659e-05,-2.285225048683993e-05,3.187704380210949e-05,-9.470783290488583e-06
-2.4583994810699727e-05,1.9532066531494522e-05,5.49806223249747e-05,-2.2114151307091516e-05,2.9545599797915564e-05,-6.161831433139552e-06,3.759234523506018e-05,-5.744176059876806e-06,3.138182362213963e-05,-2.9176115120124428e-05,-3.3494960690961774e-05,2.0220601416117987e-05,-2.6474237069355274e-05,2.2973555208194867e-07,-5.896637429054783e-06,0.0005193423143002362,3.8848593144845785e-05,8.025369273967114e-06,-2.605560775889544e-05,1.2013994801240184e-05,-1.9253211152881326e-05,3.1910034186094864e-05,-2.4471603491622872e-05,8.874737007057563e-06,-1.2144184757644196e-05,1.2456556125692608e-05,2.5939682162852874e-05,-1.4081993433545265e-05,4.302125536713287e-05,3.0249795214349213e-06
-4.2551504268103876e-05,6.211751965967208e-05,-1.93471547222477e-05,2.3924668383808844e-05,3.0824072798055393e-05,-2.9059004882670873e-06,-6.685738702160613e-06,3.405629843634132e-06,-2.021564158792774e-05,5.138179866246462e-06,-4.836600660807884e-07,1.1044775988705153e-05,-1.4483798844296327e-06,5.5461016399925175e-06,1.8605906735446823e-05,3.8848593144845785e-05,0.0004820371573903598,3.0256644412805255e-05,-2.6001057880478727e-05,-4.1587363926398e-06,5.110635202262816e-06,-3.537469794583528e-05,5.0907208746424964e-05,-2.0409395279862858e-05,-8.634192241468386e-06,-3.0108678854157496e-05,-1.0188423949063782e-05,-2.3276077347893432e-05,-2.032239927915549e-05,1.6796881121029448e-05
3.7810985740692955e-05,-4.2061009594338734e-05,1.4764007758368492e-05,4.113776916345426e-06,2.011145587175777e-05,1.5226337307523871e-05,8.279472758972205e-06,-2.933595675347434e-05,-4.121984355721686e-05,3.1246932619973035e-05,3.989929993450546e-05,1.8849988168018443e-05,1.050266857082047e-05,2.139423826677124e-05,-2.6057715927199466e-05,8.025369273967114e-06,3.0256644412805255e-05,0.0005136785214834593,-2.9734226148857328e-05,1.2980098159696113e-05,6.092646765657188e-05,-6.14524778157403e-06,-5.07336568991527e-06,1.7305666015301355e-05,1.0965046804861852e-05,4.052042377282665e-05,-4.318736636414476e-06,-1.8174997937747213e-06,2.3362270335391016e-05,2.9073331060441957e-05
1.498152165685333e-05,-3.096739175810389e-05,2.262916839885208e-05,-4.995895709128909e-06,5.5491142981914456e-05,2.5648392988142994e-06,5.0044882130689754e-05,-2.5757467618043633e-05,4.392172086597644e-05,-4.706654253525659e-07,-4.222962974846639e-06,-4.264974701996458e-05,3.0330889838493013e-05,-4.105476657795375e-05,4.8102260912971026e-05,-2.605560775889544e-05,-2.6001057880478727e-05,-2.9734226148857328e-05,0.0005267813586289587,-4.9205005231308693e-05,3.532641585996669e-05,8.810755029442594e-07,2.9705302782708873e-05,3.6142554085506766e-05,-1.9651200917352083e-05,1.2685869698306669e-05,-1.5250411594333721e-05,8.42772306609633e-07,4.167292150874606e-05,-6.74317288554462e-06
3.1992783215858835e-05,3.7116623838053286e-05,2.214816797920615e-06,-5.2422626218970085e-05,6.469551868535331e-05,5.0603388252478015e-05,-7.440503306675623e-06,-1.0757170279772749e-05,-7.685248710986853e-05,-3.3795109450376877e-06,8.30108524140992e-06,3.192258748467572e-05,4.856575822488935e-05,-9.346266919389254e-06,8.330146766820468e-06,1.2013994801240184e-05,-4.1587363926398e-06,1.2980098159696113e-05,-4.9205005231308693e-05,0.0005519552792811813,3.783166332408904e-05,7.238885459355785e-06,-2.884788139114068e-05,6.164120629595863e-05,1.2817262270847648e-05,-5.690192331815999e-05,-4.8103217712954344e-05,-5.186045687023047e-06,5.4340670713603544e-05,-2.4815304237658343e-05
6.909936299252715e-05,-2.8232303920271172e-05,-2.0388266910437178e-05,-5.3094338290557774e-05,1.784960452496991e-05,3.941436270639591e-05,-1.083652917344863e-05,-1.1672222277785573e-05,2.5988389860015477e-06,4.732522805850858e-05,1.7275498217207148e-05,5.2754277136148735e-06,8.190593554003419e-05,-4.7351100714159066e-05,1.3316235446147104e-05,-1.9253211152881326e-05,5.110635202262816e-06,6.092646765657188e-05,3.532641585996669e-05,3.783166332408904e-05,0.0004986076033600832,-3.1684165501172227e-06,4.182829873432382e-05,-2.1422419405838033e-07,1.813953218075991e-06,3.1843447600473877e-05,8.871801225268175e-07,1.0349768454385044e-05,3.441567895854421e-05,2.443467875743529e-05
3.216376056682269e-05,-3.991088032243008e-05,-5.080390936890207e-06,2.9890703945112068e-05,-4.9731871890928095e-06,-1.911497448489898e-05,2.2598647943934842e-06,-1.942416508972371e-05,2.188296422542028e-05,6.532247426986324e-06,-3.229416649767126e-05,2.4833746496460156e-06,-5.534277828999963e-06,3.5085731917327614e-06,1.9462775286517204e-06,3.1910034186094864e-05,-3.537469794583528e-05,-6.14524778157403e-06,8.810755029442594e-07,7.238885459355785e-06,-3.1684165501172227e-06,0.0005027945959434749,-4.077269918877102e-05,2.3770649448192837e-05,-1.2813588198938211e-05,3.0165021978226256e-05,-3.422952238811215e-05,-1.9825259839976058e-05,1.459035221689756e-05,-3.430499386477261e-05
2.4614832182788132e-05,3.103561664707934e-05,-3.3148028060982644e-05,-2.2626361137802358e-05,-3.655164848928327e-05,-3.765998430683198e-05,-8.247838577953448e-07,-4.525627247682781e-05,1.2515194277660192e-05,-1.4769130417515844e-05,-5.1463491543237355e-06,-2.4343750521763522e-05,3.1944998050138714e-05,-2.950232587316583e-05,7.167268754551273e-06,-2.4471603491622872e-05,5.0907208746424964e-05,-5.07336568991527e-06,2.9705302782708873e-05,-2.884788139114068e-05,4.182829873432382e-05,-4.077269918877102e-05,0.0005363491779499438,-6.381591210161186e-07,-3.755566768273736e-05,-2.2848923886504862e-05,-2.7605074503038962e-05,-7.53426372540273e-06,4.272794632106542e-06,3.0130474808086353e-05
2.0958334201129642e-05,-1.413593319273583e-05,6.6422896242724096e-06,-5.096000861885016e-06,-2.9693774350738294e-05,-4.302619766297685e-06,5.46382595416217e-06,-4.4583592483097736e-05,1.4713310676464328e-05,-8.654170374247168e-06,-1.6276863771219574e-05,4.25935937036761e-05,1.4257609306098956e-05,-1.5607219186695891e-06,8.084893551996073e-05,8.874737007057563e-06,-2.0409395279862858e-05,1.7305666015301355e-05,3.6142554085506766e-05,6.164120629595863e-05,-2.1422419405838033e-07,2.3770649448192837e-05,-6.381591210161186e-07,0.00047981588919573096,5.654065843968301e-06,2.0659884883555048e-05,-1.9910814938357903e-05,3.5991812952291527e-06,7.832838601555622e-05,-3.977697400482703e-06
1.6090402125526305e-05,3.6003945241834993e-05,2.6694296519507582e-05,-4.244747445817521e-05,-3.8702596470436136e-05,3.199291572115287e-05,1.22789080311735e-05,7.535940913436523e-06,5.36431867817919e-05,3.481842010511484e-05,-2.8036314786774494e-05,-6.0079755040283766e-05,-3.0926068343380944e-05,-1.6502120583465094e-05,6.013341612308241e-06,-1.2144184757644196e-05,-8.634192241468386e-06,1.0965046804861852e-05,-1.9651200917352083e-05,1.2817262270847648e-05,1.813953218075991e-06,-1.2813588198938211e-05,-3.755566768273736e-05,5.654065843968301e-06,0.0005368169204922001,1.900721669686479e-05,1.512797865697284e-05,7.551199279356447e-06,-3.794723546605294e-05,-7.128784622849173e-07
7.672060316309495e-06,-3.6070724526562733e-05,-1.1117260555766687e-05,1.099291287653705e-05,4.2450019057831914e-05,1.671025330506035e-05,1.4133407818667423e-05,9.230639967365264e-06,6.148650016148989e-05,5.293923357601152e-05,-1.0120415860914517e-06,-2.4266392931519635e-05,-4.223753456281624e-05,-2.1885300779408936e-05,-1.1547228038387984e-05,1.2456556125692608e-05,-3.0108678854157496e-05,4.052042377282665e-05,1.2685869698306669e-05,-5.690192331815999e-05,3.1843447600473877e-05,3.0165021978226256e-05,-2.2848923886504862e-05,2.0659884883555048e-05,1.900721669686479e-05,0.0005296225925596225,-6.927371750671084e-05,3.950170627345742e-05,1.0908967337961848e-05,4.844490088697206e-05
-2.4295111911156935e-06,1.4642232261763307e-05,-4.948481456252109e-05,-3.034245476918996e-05,-4.9923407633496154e-05,-5.7360062362207005e-05,5.620346096099215e-06,9.125293598012518e-06,-2.175088810688107e-05,-6.698938568233551e-05,1.750811301961365e-05,3.40202322974748e-05,-6.953590939170252e-06,1.8420938548268332e-05,-1.1252616180738659e-05,2.5939682162852874e-05,-1.0188423949063782e-05,-4.318736636414476e-06,-1.5250411594333721e-05,-4.8103217712954344e-05,8.871801225268175e-07,-3.422952238811215e-05,-2.7605074503038962e-05,-1.9910814938357903e-05,1.512797865697284e-05,-6.927371750671084e-05,0.0005203028011604792,3.1761244904060915e-05,-1.711295735980321e-05,-2.9539033157793446e-05
-1.0389930243332196e-06,-6.826354092476499e-05,3.319678073566491e-05,9.795821717442606e-06,5.202222906679318e-06,6.319823721426798e-06,1.7987775399448716e-05,-3.655850213962285e-05,2.714445820763713e-05,5.946015089717365e-06,-2.7039795349939148e-05,-3.591804231458641e-05,7.113556660762398e-07,-2.2307612007787617e-05,-2.285225048683993e-05,-1.4081993433545265e-05,-2.3276077347893432e-05,-1.8174997937747213e-06,8.42772306609633e-07,-5.186045687023047e-06,1.0349768454385044e-05,-1.9825259839976058e-05,-7.53426372540273e-06,3.5991812952291527e-06,7.551199279356447e-06,3.950170627345742e-05,3.1761244904060915e-05,0.00048329268042811177,1.1909240266157385e-05,-1.84747736766669e-05
-5.915353428011293e-05,-3.290431971210398e-05,1.0799825512491895e-05,-3.5313369114672316e-06,2.478346239688509e-06,8.485490151050813e-05,4.077811296039486e-05,-3.6605580083160935e-05,-1.60404204511867e-05,2.6450034772315763e-05,-3.4618918672345674e-05,-5.0722226512643135e-05,1.1734616733062704e-05,2.281964933304431e-05,3.187704380210949e-05,4.302125536713287e-05,-2.032239927915549e-05,2.3362270335391016e-05,4.167292150874606e-05,5.4340670713603544e-05,3.441567895854421e-05,1.459035221689756e-05,4.272794632106542e-06,7.832838601555622e-05,-3.794723546605294e-05,1.0908967337961848e-05,-1.711295735980321e-05,1.1909240266157385e-05,0.0005249727193119582,5.313835755202581e-05
-1.3291724935256285e-05,-5.2821237107653845e-05,9.37743828682074e-06,-6.37320389020229e-07,-1.7238367048875972e-06,5.238551364579967e-05,-5.03314899985618e-05,8.718980235410196e-07,7.1021246343918e-05,6.115023398225296e-05,2.8424806744067556e-07,-1.8548473727713984e-05,8.313623448264302e-06,1.4037783164143191e-05,-9.470783290488583e-06,3.0249795214349213e-06,1.6796881121029448e-05,2.9073331060441957e-05,-6.74317288554462e-06,-2.4815304237658343e-05,2.443467875743529e-05,-3.430499386477261e-05,3.0130474808086353e-05,-3.977697400482703e-06,-7.128784622849173e-07,4.844490088697206e-05,-2.9539033157793446e-05,-1.84747736766669e-05,5.313835755202581e-05,0.0004758386804074156
0.6329662856260817,-0.531937378737563,1.0704437627148715,-0.29124468738870074,-0.1841792793012659,0.19492579933336648,0.14241273450310407,-0.611316834827854,-0.11456128639815563,0.8928137050340883,-0.5291071376346447,-0.34142706424308894,0.8415005898068946,0.8850461701885103,0.4854479655653917,-0.2523484755764028,0.8598115739169514,0.8408662541770768,-1.5127787815120037,-0.5592806123301464,-0.22221481476529178,0.9127900159173745,0.14211158628667753,0.20134651067219528,0.8285810335262415,-0.1809567889076243,0.4299023212148069,-0.2670508554350802,-0.04488914923122514,-0.5070089377599759,-1.0119578120918984,-0.07867713711876236,0.3161600405888788,0.39502004475385427,-0.5018150640852448,-0.17754954347514645,1.584898701787907,-0.8330490942445931,1.6491707106277738,0.4260528460211402,-0.7741912774798323,-2.4842510045457313,-0.6413466860220953,1.1736277854358437,-0.04056141942642988,0.6774399866178238,0.05527410885075156,1.0836927909696807,0.5472312969971499,-0.9045854831140597,-0.35500318490079,0.20221241056432088,-0.16248173083320847,-0.036400988766760164,-0.137632088943998,1.1537735517952676,0.45085682037511216,-2.0072474598528594,1.1402048810289578,1.5846964289666445,0.24841635176768795,-1.5431707859064547,-0.7648960099298323,1.1506495052596344,0.16723317563924223,0.46236062923912136,-1.3007827842429336,0.14867290228430693,-0.017935194677843196,0.8642715504403212,-0.7551262438478038,0.6375285439806622,0.18474127032939622,-0.8539528043400749,0.99672394366062,-0.5648143875907572,-2.3592133706987695,-0.15623600575058139,0.15799180747521857,1.1179455019376001,0.47859220661823115,0.9118191434602143,0.9081813043132662,-0.22187879031406255,0.7558529669009856,2.1645452933926768,0.9086135907270876,1.5613571207875214,-0.2856783791565545,0.6403449594121318,0.27209145011053354,1.3839511196567604,-0.8877250236948905,-1.5858818414208333,-0.9301222200309427,0.9928286669111503,-0.18915752770271832,1.7898359524122722,0.8863231221820215,0.7155556753586547,-0.10374476565488104,-0.49294656840137097,0.33979069350538127,-1.0627994942777115,-1.346806189833244,0.2556878909442283,0.7827180568392813,1.530426759692009,-0.19088382597663703,-1.0465663534635035,1.829809424186539,-0.5701293092476655,-0.28711060732504723,-0.6020468380978041,0.6416974577523885,0.29219846575187575,-0.2450066128968299,-0.11049905950418742,-0.1337292133841904,0.5838784963839344,0.744556970642635,-1.2088813238682212,-1.163721034298815,-0.15760830902652356,-0.5588773070478449,-0.24381788024128095,-1.3257762447370305,0.19465326326865506,0.5696729351529349,-0.5222510982288341,0.7346469044466121,0.02111750500961982,-1.6390676381335425,0.8927898926008352,1.1715144333297332,0.39594044531575834,0.2616408614052881,-1.1501611483662126,-0.38351076845980603,0.1444194731780923,0.8278473864538614,1.0667996020329547,-1.1914972354796975,0.46245588779684665,1.4127298842223541,-0.9606675578341508,-1.6002204876717652,-0.3997762938856553,-0.9723194144101006,0.84909170086439,0.10753863508620637,0.40467685638649636,0.8336860402306902,-0.8129886806982133,0.42997092033669515,-0.7917465981184827,-1.2695583323962214,0.45985567147926387,0.9771576549661684,-1.7238208418976948,-2.317399729332302,-0.3955907473088723,-1.0104923551606315,-0.8881984635227184,1.211085213512166,1.001989611637888,1.5505035131094367,-0.3616518323792285,-0.6612723455765321,-0.9892951069180717,-0.3314840926769022,1.77116805757989,-0.142472057853654,-0.7674570465532728,0.9392408355273596,0.1914832287731777,2.070185138658541,1.2481406678009968,1.7238506861000031,1.5197573903413557,0.6604774716063004,2.545292679898621,-0.014943219579182689,-0.8416236142068556,-0.16030540385902908,-0.4977137594654545,-0.2527364004470652,1.2102379146835152,-0.626159003154867,-1.241239110560522,0.9832787051041915,-0.7274919919953713,-0.11107722452732699,-1.349777426690867,0.7632077942768182,-1.8275670696513493,-1.9123950052034109,-0.07373802565531043,0.8687376595289559,-0.4588155328915953,0.11803269522362303,0.1610660198653559,0.0964671380719064,0.09091415109147985,0.11249569892417613,0.10385381467525567,0.11144899160703008,0.1453472016406289,0.07976055785591275,0.09288182573592985,0.176594759857357,0.10836914688217135,0.12278861197989868,0.14243440945622535,0.13465398283426153,0.0721508678088449,0.130839048221932,0.12182614119121365,0.05540679566369533,0.09914149598496107,0.11474231319515944,0.10993993519191314,0.10632450070118453,0.11679846745406776,0.12898907143440236,0.09624027487589283,0.09797456206473495,0.09020708877313341,0.18135249381786112,0.10656592802371659,0.051742644065874296,0.09619184868955809,7.809730883486477e-07,2.3734111961409213e-07,0.018635969906237743,2.672082861756081e-07,0.01820534494525834,0.10096671245761808,1.1593893157310104e-06,9.448535255976164e-08,0.16834802662469506,0.03666031936294745,0.049478796562879845,0.06975890053067467,0.03943001157552344,5.4687490376779494e-08,0.04913643214202969,0.013312337533847148,3.965799440337509e-08,7.424846176168643e-08,5.604819617630524e-05,0.031104215922553784,0.010350250817315568,0.0019110668255752738,0.06645141395110879,8.508841418340975e-06,1.0401861022114715e-06,0.008631030485494252,0.1694036798042212,0.0002126925821406714,0.0,0.0,0.0,0.0,0.0,0.0,0.0,0.0,0.0,0.0,0.0,0.0,0.0,0.0,0.0,0.0,0.0,0.0,1.0,0.0,0.0,0.0,0.0,0.0,0.0,0.0,0.0,0.0,0.0,0.0,0.401179436049233,0.36316011940367005,0.41540329069207166,0.42808464004089053,0.40690709271118786,0.4085317171762198,0.39589127793735723,0.37313988434548545,0.4340024032480994,0.41864855630698056,0.3315291451716179,0.4110603495813836,0.38931506788987413,0.3720736356098157,0.37527404463479536,0.4460958299740697,0.3778269508942309,0.353760691464072,0.4739306951719407,0.41490341040450274,0.3983274591002772,0.40112078064417667,0.3979108610000628,0.3968548964306882,0.3805621789965066,0.4223209745263124,0.41276528337970614,0.42386739264664386,0.3443031133205727,0.404982970202284
-0.7057904281301829,0.9904461171889488,1.3850030428280373,0.0833293929122498,0.8126327036154287,-0.28964361292431307,0.7247960047142636,0.8999770826331648,-0.5856657178089747,-0.8527852780274765,0.7100902851564448,2.6256149555350063,0.05464220749979439,-1.6504301208494567,-0.9072275674843945,-0.6712153280809364,1.5515420979620744,0.7359507010223867,0.3653317539275067,-0.1366572003572144,-2.678993266820727,-1.4875275985302243,0.964055387281564,-0.07111221912331481,0.08201301975548567,1.6757396639922317,-0.502903661785064,0.7220881388725249,0.6294752231586365,-0.6749225013489407,2.378092104719614,-0.2510653145776656,0.8064014362472056,0.2528746872923871,0.10027959202162862,0.10442383136149543,0.9036312390935718,-1.4678625577351374,0.2944568168097514,0.0719464949815418,0.3809793385216681,-1.0704939601377497,-0.7371574705302163,1.1355043853271825,-1.5553940155303807,-0.12295620181441397,0.2787913530487079,-1.1675941485993375,-0.4632627505180721,-1.194087224756532,-0.6809561540964338,-1.6403315293869596,-0.2596697279220133,0.38581716358469115,1.2516935928538,0.13949159685593251,-0.041098172946445154,0.13711787634297234,-0.5053432187516649,-0.2023824357273227,0.9503296458859888,-0.20316926820233797,-1.1792065637462563,0.3307369670027713,-1.1790937694307384,0.5837243191097953,-1.7071206757694932,-0.5770608007230484,0.47862902483107145,1.0177633283927046,0.852168234742668,0.911776359116721,1.0197507438094657,1.3641155583941393,-1.536432372562356,-1.278742257318304,0.42491139447387083,-0.2640488549416658,1.6856915212321122,0.6407367582668851,0.45089203296136937,0.867992983764504,-0.31622622841064657,1.1701961063034398,-0.33208601010105715,0.9928726365164084,-1.5184148463401306,1.6074377708758716,-1.0409469273274203,1.0901088268135801,2.283269047178562,0.2358637397217072,2.4708583429970457,-1.1323640641664525,-0.3007804545736601,-0.2744964149658351,0.344527930099797,-1.1404590556148038,-0.7730321259578453,0.14173042724674453,0.02413767636993433,-0.7444283452810325,0.8773898637141132,0.22766944752395335,-1.4210207123006813,1.1680939800914778,-0.7326174107714643,0.5027308898468132,-0.44825611309040514,0.8819245839107408,-0.5189406196204178,-0.5843258666879261,1.458537385511946,0.3028192879094003,-0.7408128249217307,-0.07336198642243763,-1.718808459716755,0.8238106242973272,1.2412623001245755,-0.4890138429941501,0.05974378197363911,-1.6035197231878149,-0.18849037328665735,1.1666173421375785,-0.5241875627218485,-0.06864797279370025,-0.5784044719262933,-0.09154913769585918,0.8842086953715543,1.8375685328542264,0.4836467160339734,1.1664860742033634,0.8387667438717128,-1.366327700832389,-1.6075478947359885,-1.3556863185713481,0.9641806198138984,0.6958321984695052,0.0008990556339217221,-0.7503955924132975,0.22057388225445634,-0.9979490992153909,-0.39954567655859874,1.5119327752254867,0.681533440794385,-1.8539132224306456,0.22747892767156938,0.6254053134068652,-0.8622150517358302,0.6574420086623235,0.27455329018554037,-1.0290644111590412,-0.794438319072647,2.206918071313205,-0.5673686244165228,0.34917995369558097,0.9108094436766078,0.6468649962065727,0.41817864069419936,-1.552092408601514,0.970936623550123,1.4450860186735983,-0.5500042668850801,0.7014032160757714,-0.1832823876919542,-0.5075666917343401,-0.36865607183252347,-0.7585204689657167,0.762692212363266,1.5093246423400866,1.130287741756944,1.433889816416696,0.08258646561293458,0.9258453357709171,-0.599119541957369,0.4175760350872,0.23049009428894415,-0.4528242906530483,0.7533895018695003,1.4044003947947052,-0.25113465184153855,0.053845539092714494,0.4919902339692357,0.9918849164011215,-0.030094576251054023,-0.24702919507570326,-0.6631640413383662,-0.7240985477612687,-1.2091849205102303,-0.5129925578380031,-0.17203566960719469,-0.41383789105198865,0.08021924507440771,-1.6494210200360824,-0.13073782195966394,-2.0647989744874824,0.03603093986956278,0.6741480714084627,-0.48913228143008913,-1.454328984104658,0.1173588047990247,0.11511763742443147,0.11415244519271245,0.1035706802118969,0.08596905805204653,0.116704439061281,0.09002682236819518,0.1010578299028351,0.11667486144734573,0.07560798318801189,0.07771869751369273,0.10621391842613831,0.1648741193967253,0.0828252612342788,0.12247782261735923,0.10010080442979968,0.15796123360299588,0.08352048905808206,0.06614787548897118,0.0968366038109553,0.09436477872949874,0.1092327529880266,0.1584984919254776,0.08292045646669294,0.08974332718776082,0.0725039902816527,0.09773052099464927,0.09384949671535456,0.050862051898775774,0.13114961878278214,0.052400576576535574,0.03786599315555106,0.06200120115016942,0.00334437099473475,8.638629943954836e-08,0.06549267882522751,0.009281383942085056,0.035235832080310524,0.0527275253125712,1.5372651550004214e-08,1.0233894672080502e-07,0.037811831563066764,0.14506099836023725,2.9745669984427697e-08,0.057172263574823384,0.0008347710836734376,0.13685783925770756,2.7116603784614037e-08,1.279954865350287e-08,0.00013153458728553476,1.63223010828275e-08,0.06229652444002239,0.11845407680903824,2.664906409858096e-08,4.395674783300492e-06,3.588418923621661e-08,0.03801426867812328,0.015178131431573705,9.938311069651105e-09,0.06983343994807462,0.0,0.0,1.0,0.0,0.0,0.0,0.0,0.0,0.0,0.0,0.0,0.0,0.0,0.0,0.0,0.0,0.0,0.0,0.0,0.0,0.0,0.0,0.0,0.0,0.0,0.0,0.0,0.0,0.0,0.0,0.4085138735962636,0.4073202435274281,0.41363560918025666,0.40931362972739926,0.43365103279433864,0.3919991933034122,0.4260609098038693,0.42390301728079843,0.3909340790655223,0.4403963076095371,0.43472225747169735,0.41025294960414915,0.3495746026988057,0.3987875836295822,0.39666782704803605,0.4131587519092949,0.35178920147117315,0.438830315474477,0.45149552988593655,0.41176837520155124,0.42044601920077895,0.4006736279458696,0.3578338943368548,0.4269257577886235,0.43291089919872916,0.44631627772932386,0.41907289037421175,0.4172129454494859,0.4601860589728202,0.38702733933153455
0.03213075045227282,1.0141444570639724,-0.9056690072847603,0.19029469806283877,-0.48923477218593414,0.579796230198918,-0.3188754559497963,1.8187308283053143,-0.4754124580982786,-0.2773159381373781,-0.7009348422757997,-1.000387355942917,2.5184974170572048,0.5845160756744748,0.5767055165002971,-0.8281133828038236,0.34772882675813527,0.9767162156725006,1.3988945082285535,0.5316596114878078,0.6512236721374516,-2.093088789135681,-1.9328845054058394,-0.2022590569973992,-1.9207991875781525,0.03545057609493168,0.1267931728485327,-1.069788396340765,0.44699788548889674,-1.3077309433776119,-1.1740683657181874,-1.161974107345776,-0.17955175858189693,-0.46816605808857353,-2.483214506307101,0.6674998753117909,0.5729657050185861,0.09759514569326116,-1.1715306920386153,-0.7860522648106838,0.1021234063716037,1.5983246014468606,0.4685274879193709,0.7476128522849789,-0.501341835663864,0.5077843561752284,-0.8748342223909478,0.6528847847655022,0.32227575891741633,2.0018473917636292,0.6186639586980748,0.10253803127678689,0.1601547026659031,-0.08247450155056409,0.1701769564280855,0.07839040793086036,0.29638886202075604,-0.7107041376821897,0.8497713862044208,-0.6565226550742032,-0.4693976660640534,0.2801930138757993,1.8633697368787134,-1.1167256071268916,-0.8479351965349207,0.23846995061048276,-0.49636778252549596,0.6689351844281475,-0.6452449172491832,-0.44228547774644944,1.734895174977153,-0.018712632628133895,-0.09815563613652663,2.3945659142616287,0.41857727599983385,-2.08259825238574,0.29435127457583665,-0.19688319312131036,-0.004254774496041394,-0.11319121947940793,0.6302507568166167,-0.4258433207720133,-0.03243314993309573,-0.19063365710663002,0.2830480684563773,-0.5079037601363725,1.233186053826642,-0.10396403938241949,1.3253724346470863,-1.1174431259100004,0.30465012522651813,0.24146000947506954,-0.02621401023368503,0.460748271819221,1.3988975175123162,0.16893265841389826,-0.6783577025017322,1.3470990515407888,-0.061632345652532027,-2.2248800734337393,-0.10757772348543011,0.6171363707278382,0.1674803092109579,0.11006919672146233,0.727741211132701,0.1130147694249154,-1.0802633692498451,0.6622082756580345,0.6015920205768753,0.5490332585729661,-1.9029999255148364,-0.29042741806663824,0.23730985016055797,-1.7573337529042605,0.3228270518373056,1.1239518035402245,-0.12331376110231734,0.29509462645109386,0.26047668742471236,0.02347763164267598,-0.8883788611981922,0.7651065216105513,-0.08412019868249271,0.09063794339825584,-0.8876991842188017,-0.2162599569498131,0.9333237900279066,-0.04510766629661885,-0.43728000007493256,-0.15889857153518944,1.1167905368711457,-1.5508212817733968,-0.301396710866975,2.177190490013917,0.5788019524987902,0.3368915883400989,-1.1841420504727584,0.02282938580947392,-1.969635322111821,-1.07696930574191,-0.7925354284002322,0.07710964744952685,3.017350890787289,0.5178726211151181,-1.1920356739045892,1.1496428057121124,-1.0731332142387104,-0.20251165706030225,0.6033513007398414,1.266896096192292,-0.20928047742289174,0.7279519452971073,0.29666928105471635,1.0693740662650202,-1.2629636337104284,-0.8826918997578912,0.11652472246089886,-0.7373927252384601,0.5334856978238872,-0.9229735743696383,0.05448223203469766,-0.4043781936246382,-1.9705122772890902,-0.9051791822412366,-1.2195067532501624,0.2542832563858982,0.43824333618907735,0.06707992920269336,1.8211414510158386,0.23864789961664748,-0.21868132130156068,0.4640998235370125,0.9616014147333916,-0.2758621059685387,1.778236182517985,-0.5661917481221881,-0.3692424236103728,0.05289269896534842,1.5423846677678195,-0.810051619405522,2.7168263749477566,-1.1719724288384104,-1.3543820587377862,-0.9460521734350256,-0.07346576513610606,0.08198603763250321,-0.14396577240339084,-0.28891822781406823,-0.6012378229987836,-0.15890820686574086,1.2543008378012528,-0.5546832662684252,1.0635478304366763,-2.014262934683482,-0.3346632936625179,0.42619430871702446,-0.032619178609803574,-0.4044302683847589,0.8304310636761518,1.1002828721115723,0.11680231797506277,0.1344512517211123,0.14918195237100296,0.09495667178841044,0.041610263369681155,0.08832513702355299,0.04339074564462712,0.06668362791524328,0.11916645185204655,0.10551941551329953,0.1029294120618536,0.09710830466117104,0.11685108577784359,0.11943635174773667,0.10221278535384733,0.10180327345677861,0.14136879764580487,0.06506004618104547,0.14408075720787492,0.11006492046078904,0.11476308002450752,0.1048370603853011,0.08613233729350128,0.09239611993503141,0.12764133318968526,0.10491633263589764,0.07755526461258454,0.0988372675095254,0.08109662026946815,0.0529446376040328,0.044984240809332346,0.08916274078414074,0.13219755756171528,3.58719161868429e-08,8.804214239122205e-11,6.545287953460432e-09,9.932167022631353e-11,4.453407580947699e-10,0.05751464713062415,1.6611828483891226e-06,0.03439249760254223,0.03194791166090913,0.04977895083398035,0.0698894964336747,8.57411262092817e-08,1.1699682258820129e-07,0.1361252134097689,1.681988432370308e-10,0.12884123378545997,0.03637753455358372,0.03298307423352727,0.03562251638700321,1.994903533209124e-09,3.25751303379256e-09,0.07287776730778302,0.030618590596044874,4.248380461034582e-09,0.01668410770361263,2.425298510093451e-09,1.4129797336489357e-10,0.0,0.0,0.0,0.0,0.0,1.0,0.0,0.0,0.0,0.0,0.0,0.0,0.0,0.0,0.0,0.0,0.0,0.0,0.0,0.0,0.0,0.0,0.0,0.0,0.0,0.0,0.0,0.0,0.0,0.0,0.3843357869322931,0.35985113827833304,0.33693406370254564,0.39377664370043297,0.4618540813075633,0.41842098665767086,0.4474670502885362,0.4238406884253449,0.3677027324788311,0.3834439775639185,0.3946039924092053,0.39316817651934255,0.383504797622073,0.3738715474687187,0.4010513044429025,0.4003427510650434,0.3638541975907072,0.42920028893720197,0.3493888432520946,0.37704869831794235,0.37507507833498666,0.3835935201022579,0.4126047331115793,0.40761000993992286,0.36706309086800415,0.39693030257994016,0.41621264727737184,0.3924712165412931,0.4086196038317372,0.452056778009011
